-1.000000000000000e+01    -9.079161708467175e-05
-9.990000000000000e+00    -9.170400429288799e-05
-9.980000000000000e+00    -9.262555945496163e-05
-9.970000000000001e+00    -9.355637467621377e-05
-9.960000000000001e+00    -9.449654298694979e-05
-9.949999999999999e+00    -9.544615835174169e-05
-9.940000000000000e+00    -9.640531567880304e-05
-9.930000000000000e+00    -9.737411082945898e-05
-9.920000000000000e+00    -9.835264062770976e-05
-9.910000000000000e+00    -9.934100286989095e-05
-9.900000000000000e+00    -1.003392963344300e-04
-9.890000000000001e+00    -1.013476207917011e-04
-9.880000000000001e+00    -1.023660770139778e-04
-9.869999999999999e+00    -1.033947667854866e-04
-9.859999999999999e+00    -1.044337929125597e-04
-9.850000000000000e+00    -1.054832592338914e-04
-9.840000000000000e+00    -1.065432706308954e-04
-9.830000000000000e+00    -1.076139330381665e-04
-9.820000000000000e+00    -1.086953534540482e-04
-9.810000000000000e+00    -1.097876399513036e-04
-9.800000000000001e+00    -1.108909016878961e-04
-9.789999999999999e+00    -1.120052489178760e-04
-9.779999999999999e+00    -1.131307930023762e-04
-9.770000000000000e+00    -1.142676464207200e-04
-9.760000000000000e+00    -1.154159227816380e-04
-9.750000000000000e+00    -1.165757368345975e-04
-9.740000000000000e+00    -1.177472044812471e-04
-9.730000000000000e+00    -1.189304427869735e-04
-9.720000000000001e+00    -1.201255699925761e-04
-9.710000000000001e+00    -1.213327055260571e-04
-9.699999999999999e+00    -1.225519700145305e-04
-9.690000000000000e+00    -1.237834852962492e-04
-9.680000000000000e+00    -1.250273744327542e-04
-9.670000000000000e+00    -1.262837617211439e-04
-9.660000000000000e+00    -1.275527727064669e-04
-9.650000000000000e+00    -1.288345341942390e-04
-9.640000000000001e+00    -1.301291742630847e-04
-9.630000000000001e+00    -1.314368222775061e-04
-9.619999999999999e+00    -1.327576089007794e-04
-9.609999999999999e+00    -1.340916661079795e-04
-9.600000000000000e+00    -1.354391271991369e-04
-9.590000000000000e+00    -1.368001268125245e-04
-9.580000000000000e+00    -1.381748009380778e-04
-9.570000000000000e+00    -1.395632869309500e-04
-9.560000000000000e+00    -1.409657235252020e-04
-9.550000000000001e+00    -1.423822508476297e-04
-9.539999999999999e+00    -1.438130104317301e-04
-9.529999999999999e+00    -1.452581452318051e-04
-9.520000000000000e+00    -1.467177996372103e-04
-9.510000000000000e+00    -1.481921194867419e-04
-9.500000000000000e+00    -1.496812520831705e-04
-9.490000000000000e+00    -1.511853462079194e-04
-9.480000000000000e+00    -1.527045521358893e-04
-9.470000000000001e+00    -1.542390216504318e-04
-9.460000000000001e+00    -1.557889080584726e-04
-9.449999999999999e+00    -1.573543662057859e-04
-9.440000000000000e+00    -1.589355524924204e-04
-9.430000000000000e+00    -1.605326248882827e-04
-9.420000000000000e+00    -1.621457429488725e-04
-9.410000000000000e+00    -1.637750678311782e-04
-9.400000000000000e+00    -1.654207623097302e-04
-9.390000000000001e+00    -1.670829907928138e-04
-9.380000000000001e+00    -1.687619193388467e-04
-9.369999999999999e+00    -1.704577156729180e-04
-9.359999999999999e+00    -1.721705492034922e-04
-9.350000000000000e+00    -1.739005910392832e-04
-9.340000000000000e+00    -1.756480140062934e-04
-9.330000000000000e+00    -1.774129926650256e-04
-9.320000000000000e+00    -1.791957033278648e-04
-9.310000000000000e+00    -1.809963240766361e-04
-9.300000000000001e+00    -1.828150347803358e-04
-9.289999999999999e+00    -1.846520171130421e-04
-9.279999999999999e+00    -1.865074545720005e-04
-9.270000000000000e+00    -1.883815324958959e-04
-9.260000000000000e+00    -1.902744380833025e-04
-9.250000000000000e+00    -1.921863604113191e-04
-9.240000000000000e+00    -1.941174904543925e-04
-9.230000000000000e+00    -1.960680211033258e-04
-9.220000000000001e+00    -1.980381471844793e-04
-9.210000000000001e+00    -2.000280654791615e-04
-9.199999999999999e+00    -2.020379747432148e-04
-9.190000000000000e+00    -2.040680757267950e-04
-9.180000000000000e+00    -2.061185711943512e-04
-9.170000000000000e+00    -2.081896659448026e-04
-9.160000000000000e+00    -2.102815668319182e-04
-9.150000000000000e+00    -2.123944827848988e-04
-9.140000000000001e+00    -2.145286248291655e-04
-9.130000000000001e+00    -2.166842061073557e-04
-9.119999999999999e+00    -2.188614419005278e-04
-9.109999999999999e+00    -2.210605496495773e-04
-9.100000000000000e+00    -2.232817489768693e-04
-9.090000000000000e+00    -2.255252617080833e-04
-9.080000000000000e+00    -2.277913118942780e-04
-9.070000000000000e+00    -2.300801258341765e-04
-9.060000000000000e+00    -2.323919320966720e-04
-9.050000000000001e+00    -2.347269615435602e-04
-9.039999999999999e+00    -2.370854473524976e-04
-9.029999999999999e+00    -2.394676250401870e-04
-9.020000000000000e+00    -2.418737324857980e-04
-9.010000000000000e+00    -2.443040099546185e-04
-9.000000000000000e+00    -2.467587001219416e-04
-8.990000000000000e+00    -2.492380480971927e-04
-8.980000000000000e+00    -2.517423014482951e-04
-8.970000000000001e+00    -2.542717102262811e-04
-8.960000000000001e+00    -2.568265269901450e-04
-8.949999999999999e+00    -2.594070068319482e-04
-8.940000000000000e+00    -2.620134074021682e-04
-8.930000000000000e+00    -2.646459889353087e-04
-8.920000000000000e+00    -2.673050142757571e-04
-8.910000000000000e+00    -2.699907489039046e-04
-8.900000000000000e+00    -2.727034609625236e-04
-8.890000000000001e+00    -2.754434212834106e-04
-8.880000000000001e+00    -2.782109034142918e-04
-8.869999999999999e+00    -2.810061836459992e-04
-8.859999999999999e+00    -2.838295410399148e-04
-8.850000000000000e+00    -2.866812574556911e-04
-8.840000000000000e+00    -2.895616175792453e-04
-8.830000000000000e+00    -2.924709089510331e-04
-8.820000000000000e+00    -2.954094219946047e-04
-8.810000000000000e+00    -2.983774500454432e-04
-8.800000000000001e+00    -3.013752893800921e-04
-8.789999999999999e+00    -3.044032392455728e-04
-8.779999999999999e+00    -3.074616018890906e-04
-8.770000000000000e+00    -3.105506825880448e-04
-8.760000000000000e+00    -3.136707896803281e-04
-8.750000000000000e+00    -3.168222345949349e-04
-8.740000000000000e+00    -3.200053318828685e-04
-8.730000000000000e+00    -3.232203992483593e-04
-8.720000000000001e+00    -3.264677575803940e-04
-8.710000000000001e+00    -3.297477309845536e-04
-8.699999999999999e+00    -3.330606468151751e-04
-8.690000000000000e+00    -3.364068357078254e-04
-8.680000000000000e+00    -3.397866316121054e-04
-8.670000000000000e+00    -3.432003718247745e-04
-8.660000000000000e+00    -3.466483970232078e-04
-8.650000000000000e+00    -3.501310512991841e-04
-8.640000000000001e+00    -3.536486821930102e-04
-8.630000000000001e+00    -3.572016407279846e-04
-8.619999999999999e+00    -3.607902814452044e-04
-8.609999999999999e+00    -3.644149624387138e-04
-8.600000000000000e+00    -3.680760453910093e-04
-8.590000000000000e+00    -3.717738956088905e-04
-8.580000000000000e+00    -3.755088820596704e-04
-8.570000000000000e+00    -3.792813774077439e-04
-8.560000000000000e+00    -3.830917580515218e-04
-8.550000000000001e+00    -3.869404041607275e-04
-8.539999999999999e+00    -3.908276997140687e-04
-8.529999999999999e+00    -3.947540325372768e-04
-8.520000000000000e+00    -3.987197943415316e-04
-8.510000000000000e+00    -4.027253807622603e-04
-8.500000000000000e+00    -4.067711913983256e-04
-8.490000000000000e+00    -4.108576298516011e-04
-8.480000000000000e+00    -4.149851037669387e-04
-8.470000000000001e+00    -4.191540248725334e-04
-8.460000000000001e+00    -4.233648090206886e-04
-8.449999999999999e+00    -4.276178762289851e-04
-8.440000000000000e+00    -4.319136507218553e-04
-8.430000000000000e+00    -4.362525609725768e-04
-8.420000000000000e+00    -4.406350397456750e-04
-8.410000000000000e+00    -4.450615241397487e-04
-8.400000000000000e+00    -4.495324556307208e-04
-8.390000000000001e+00    -4.540482801155152e-04
-8.380000000000001e+00    -4.586094479561697e-04
-8.369999999999999e+00    -4.632164140243822e-04
-8.359999999999999e+00    -4.678696377464982e-04
-8.350000000000000e+00    -4.725695831489487e-04
-8.340000000000000e+00    -4.773167189041315e-04
-8.330000000000000e+00    -4.821115183767500e-04
-8.320000000000000e+00    -4.869544596706101e-04
-8.310000000000000e+00    -4.918460256758793e-04
-8.300000000000001e+00    -4.967867041168146e-04
-8.289999999999999e+00    -5.017769875999623e-04
-8.279999999999999e+00    -5.068173736628307e-04
-8.270000000000000e+00    -5.119083648230520e-04
-8.260000000000000e+00    -5.170504686280233e-04
-8.250000000000000e+00    -5.222441977050403e-04
-8.240000000000000e+00    -5.274900698119267e-04
-8.230000000000000e+00    -5.327886078881645e-04
-8.220000000000001e+00    -5.381403401065287e-04
-8.209999999999999e+00    -5.435457999252327e-04
-8.199999999999999e+00    -5.490055261405851e-04
-8.190000000000000e+00    -5.545200629401741e-04
-8.180000000000000e+00    -5.600899599565695e-04
-8.170000000000000e+00    -5.657157723215581e-04
-8.160000000000000e+00    -5.713980607209142e-04
-8.150000000000000e+00    -5.771373914497093e-04
-8.140000000000001e+00    -5.829343364681702e-04
-8.130000000000001e+00    -5.887894734580833e-04
-8.119999999999999e+00    -5.947033858797615e-04
-8.109999999999999e+00    -6.006766630295639e-04
-8.100000000000000e+00    -6.067099000979946e-04
-8.090000000000000e+00    -6.128036982283622e-04
-8.080000000000000e+00    -6.189586645760237e-04
-8.070000000000000e+00    -6.251754123682126e-04
-8.060000000000000e+00    -6.314545609644513e-04
-8.050000000000001e+00    -6.377967359175639e-04
-8.039999999999999e+00    -6.442025690352877e-04
-8.029999999999999e+00    -6.506726984424856e-04
-8.020000000000000e+00    -6.572077686439837e-04
-8.010000000000000e+00    -6.638084305880140e-04
-8.000000000000000e+00    -6.704753417302887e-04
-7.990000000000000e+00    -6.772091660986956e-04
-7.980000000000000e+00    -6.840105743586539e-04
-7.970000000000000e+00    -6.908802438790781e-04
-7.960000000000000e+00    -6.978188587990145e-04
-7.950000000000000e+00    -7.048271100949221e-04
-7.940000000000000e+00    -7.119056956486201e-04
-7.930000000000000e+00    -7.190553203158981e-04
-7.920000000000000e+00    -7.262766959958022e-04
-7.910000000000000e+00    -7.335705417006030e-04
-7.900000000000000e+00    -7.409375836264463e-04
-7.890000000000000e+00    -7.483785552246998e-04
-7.880000000000000e+00    -7.558941972739974e-04
-7.870000000000000e+00    -7.634852579529937e-04
-7.860000000000000e+00    -7.711524929138289e-04
-7.850000000000000e+00    -7.788966653563119e-04
-7.840000000000000e+00    -7.867185461028373e-04
-7.830000000000000e+00    -7.946189136740291e-04
-7.820000000000000e+00    -8.025985543651258e-04
-7.810000000000000e+00    -8.106582623231241e-04
-7.800000000000000e+00    -8.187988396246589e-04
-7.790000000000000e+00    -8.270210963546608e-04
-7.780000000000000e+00    -8.353258506857822e-04
-7.770000000000000e+00    -8.437139289585886e-04
-7.760000000000000e+00    -8.521861657625478e-04
-7.750000000000000e+00    -8.607434040177993e-04
-7.740000000000000e+00    -8.693864950577335e-04
-7.730000000000000e+00    -8.781162987123720e-04
-7.720000000000000e+00    -8.869336833925543e-04
-7.710000000000000e+00    -8.958395261749656e-04
-7.700000000000000e+00    -9.048347128879813e-04
-7.690000000000000e+00    -9.139201381983433e-04
-7.680000000000000e+00    -9.230967056987016e-04
-7.670000000000000e+00    -9.323653279959887e-04
-7.660000000000000e+00    -9.417269268006716e-04
-7.650000000000000e+00    -9.511824330168634e-04
-7.640000000000000e+00    -9.607327868333185e-04
-7.630000000000000e+00    -9.703789378153079e-04
-7.620000000000000e+00    -9.801218449973983e-04
-7.610000000000000e+00    -9.899624769771256e-04
-7.600000000000000e+00    -9.999018120095853e-04
-7.590000000000000e+00    -1.009940838102936e-03
-7.580000000000000e+00    -1.020080553114844e-03
-7.570000000000000e+00    -1.030321964849854e-03
-7.560000000000000e+00    -1.040666091157705e-03
-7.550000000000000e+00    -1.051113960032614e-03
-7.540000000000000e+00    -1.061666609713507e-03
-7.530000000000000e+00    -1.072325088785242e-03
-7.520000000000000e+00    -1.083090456280792e-03
-7.510000000000000e+00    -1.093963781784434e-03
-7.500000000000000e+00    -1.104946145535940e-03
-7.490000000000000e+00    -1.116038638535770e-03
-7.480000000000000e+00    -1.127242362651281e-03
-7.470000000000000e+00    -1.138558430723978e-03
-7.460000000000000e+00    -1.149987966677792e-03
-7.450000000000000e+00    -1.161532105628409e-03
-7.440000000000000e+00    -1.173191993993663e-03
-7.430000000000000e+00    -1.184968789604978e-03
-7.420000000000000e+00    -1.196863661819909e-03
-7.410000000000000e+00    -1.208877791635762e-03
-7.400000000000000e+00    -1.221012371804301e-03
-7.390000000000000e+00    -1.233268606947583e-03
-7.380000000000000e+00    -1.245647713674883e-03
-7.370000000000000e+00    -1.258150920700779e-03
-7.360000000000000e+00    -1.270779468964349e-03
-7.350000000000000e+00    -1.283534611749529e-03
-7.340000000000000e+00    -1.296417614806630e-03
-7.330000000000000e+00    -1.309429756475018e-03
-7.320000000000000e+00    -1.322572327806986e-03
-7.310000000000000e+00    -1.335846632692808e-03
-7.300000000000000e+00    -1.349253987986993e-03
-7.290000000000000e+00    -1.362795723635766e-03
-7.280000000000000e+00    -1.376473182805761e-03
-7.270000000000000e+00    -1.390287722013961e-03
-7.260000000000000e+00    -1.404240711258855e-03
-7.250000000000000e+00    -1.418333534152910e-03
-7.240000000000000e+00    -1.432567588056248e-03
-7.230000000000000e+00    -1.446944284211655e-03
-7.220000000000000e+00    -1.461465047880851e-03
-7.210000000000000e+00    -1.476131318482078e-03
-7.200000000000000e+00    -1.490944549729011e-03
-7.190000000000000e+00    -1.505906209770977e-03
-7.180000000000000e+00    -1.521017781334528e-03
-7.170000000000000e+00    -1.536280761866375e-03
-7.160000000000000e+00    -1.551696663677660e-03
-7.150000000000000e+00    -1.567267014089633e-03
-7.140000000000000e+00    -1.582993355580701e-03
-7.130000000000000e+00    -1.598877245934878e-03
-7.120000000000000e+00    -1.614920258391662e-03
-7.110000000000000e+00    -1.631123981797331e-03
-7.100000000000000e+00    -1.647490020757673e-03
-7.090000000000000e+00    -1.664019995792175e-03
-7.080000000000000e+00    -1.680715543489683e-03
-7.070000000000000e+00    -1.697578316665529e-03
-7.060000000000000e+00    -1.714609984520153e-03
-7.050000000000000e+00    -1.731812232799231e-03
-7.040000000000000e+00    -1.749186763955328e-03
-7.030000000000000e+00    -1.766735297311068e-03
-7.020000000000000e+00    -1.784459569223861e-03
-7.010000000000000e+00    -1.802361333252183e-03
-7.000000000000000e+00    -1.820442360323430e-03
-6.990000000000000e+00    -1.838704438903357e-03
-6.980000000000000e+00    -1.857149375167127e-03
-6.970000000000000e+00    -1.875778993171947e-03
-6.960000000000000e+00    -1.894595135031373e-03
-6.950000000000000e+00    -1.913599661091220e-03
-6.940000000000000e+00    -1.932794450107151e-03
-6.930000000000000e+00    -1.952181399423927e-03
-6.920000000000000e+00    -1.971762425156352e-03
-6.910000000000000e+00    -1.991539462371907e-03
-6.900000000000000e+00    -2.011514465275113e-03
-6.890000000000000e+00    -2.031689407393606e-03
-6.880000000000000e+00    -2.052066281765975e-03
-6.870000000000000e+00    -2.072647101131352e-03
-6.860000000000000e+00    -2.093433898120777e-03
-6.850000000000000e+00    -2.114428725450351e-03
-6.840000000000000e+00    -2.135633656116200e-03
-6.830000000000000e+00    -2.157050783591257e-03
-6.820000000000000e+00    -2.178682222023886e-03
-6.810000000000000e+00    -2.200530106438351e-03
-6.800000000000000e+00    -2.222596592937151e-03
-6.790000000000000e+00    -2.244883858905254e-03
-6.780000000000000e+00    -2.267394103216218e-03
-6.770000000000000e+00    -2.290129546440229e-03
-6.760000000000000e+00    -2.313092431054065e-03
-6.750000000000000e+00    -2.336285021653042e-03
-6.740000000000000e+00    -2.359709605164877e-03
-6.730000000000000e+00    -2.383368491065556e-03
-6.720000000000000e+00    -2.407264011597210e-03
-6.710000000000000e+00    -2.431398521987993e-03
-6.700000000000000e+00    -2.455774400673972e-03
-6.690000000000000e+00    -2.480394049523121e-03
-6.680000000000000e+00    -2.505259894061303e-03
-6.670000000000000e+00    -2.530374383700417e-03
-6.660000000000000e+00    -2.555739991968562e-03
-6.650000000000000e+00    -2.581359216742390e-03
-6.640000000000000e+00    -2.607234580481553e-03
-6.630000000000000e+00    -2.633368630465287e-03
-6.620000000000000e+00    -2.659763939031214e-03
-6.610000000000000e+00    -2.686423103816303e-03
-6.600000000000000e+00    -2.713348748000013e-03
-6.590000000000000e+00    -2.740543520549694e-03
-6.580000000000000e+00    -2.768010096468218e-03
-6.570000000000000e+00    -2.795751177043858e-03
-6.560000000000000e+00    -2.823769490102455e-03
-6.550000000000000e+00    -2.852067790261859e-03
-6.540000000000000e+00    -2.880648859188717e-03
-6.530000000000000e+00    -2.909515505857557e-03
-6.520000000000000e+00    -2.938670566812245e-03
-6.510000000000000e+00    -2.968116906429786e-03
-6.500000000000000e+00    -2.997857417186551e-03
-6.490000000000000e+00    -3.027895019926860e-03
-6.480000000000000e+00    -3.058232664134034e-03
-6.470000000000000e+00    -3.088873328203851e-03
-6.460000000000000e+00    -3.119820019720497e-03
-6.450000000000000e+00    -3.151075775734976e-03
-6.440000000000000e+00    -3.182643663046041e-03
-6.430000000000000e+00    -3.214526778483604e-03
-6.420000000000000e+00    -3.246728249194735e-03
-6.410000000000000e+00    -3.279251232932193e-03
-6.400000000000000e+00    -3.312098918345531e-03
-6.390000000000000e+00    -3.345274525274803e-03
-6.380000000000000e+00    -3.378781305046893e-03
-6.370000000000000e+00    -3.412622540774478e-03
-6.360000000000000e+00    -3.446801547657634e-03
-6.350000000000000e+00    -3.481321673288148e-03
-6.340000000000000e+00    -3.516186297956478e-03
-6.330000000000000e+00    -3.551398834961485e-03
-6.320000000000000e+00    -3.586962730922853e-03
-6.310000000000000e+00    -3.622881466096296e-03
-6.300000000000000e+00    -3.659158554691508e-03
-6.290000000000000e+00    -3.695797545192954e-03
-6.280000000000000e+00    -3.732802020683435e-03
-6.270000000000000e+00    -3.770175599170515e-03
-6.260000000000000e+00    -3.807921933915778e-03
-6.250000000000000e+00    -3.846044713766998e-03
-6.240000000000000e+00    -3.884547663493184e-03
-6.230000000000000e+00    -3.923434544122526e-03
-6.220000000000000e+00    -3.962709153283323e-03
-6.210000000000000e+00    -4.002375325547837e-03
-6.200000000000000e+00    -4.042436932779110e-03
-6.190000000000000e+00    -4.082897884480852e-03
-6.180000000000000e+00    -4.123762128150252e-03
-6.170000000000000e+00    -4.165033649633895e-03
-6.160000000000000e+00    -4.206716473486746e-03
-6.150000000000000e+00    -4.248814663334156e-03
-6.140000000000000e+00    -4.291332322237047e-03
-6.130000000000000e+00    -4.334273593060128e-03
-6.120000000000000e+00    -4.377642658843349e-03
-6.110000000000000e+00    -4.421443743176484e-03
-6.100000000000000e+00    -4.465681110576846e-03
-6.090000000000000e+00    -4.510359066870282e-03
-6.080000000000000e+00    -4.555481959575380e-03
-6.070000000000000e+00    -4.601054178290872e-03
-6.060000000000000e+00    -4.647080155086364e-03
-6.050000000000000e+00    -4.693564364896315e-03
-6.040000000000000e+00    -4.740511325917348e-03
-6.030000000000000e+00    -4.787925600008878e-03
-6.020000000000000e+00    -4.835811793097088e-03
-6.010000000000000e+00    -4.884174555582258e-03
-6.000000000000000e+00    -4.933018582749537e-03
-5.990000000000000e+00    -4.982348615183065e-03
-5.980000000000000e+00    -5.032169439183563e-03
-5.970000000000000e+00    -5.082485887189329e-03
-5.960000000000000e+00    -5.133302838200780e-03
-5.950000000000000e+00    -5.184625218208398e-03
-5.940000000000000e+00    -5.236458000624256e-03
-5.930000000000000e+00    -5.288806206717012e-03
-5.920000000000000e+00    -5.341674906050515e-03
-5.910000000000000e+00    -5.395069216925933e-03
-5.900000000000000e+00    -5.448994306827477e-03
-5.890000000000000e+00    -5.503455392871760e-03
-5.880000000000000e+00    -5.558457742260739e-03
-5.870000000000000e+00    -5.614006672738348e-03
-5.860000000000000e+00    -5.670107553050763e-03
-5.850000000000000e+00    -5.726765803410370e-03
-5.840000000000000e+00    -5.783986895963405e-03
-5.830000000000000e+00    -5.841776355261369e-03
-5.820000000000000e+00    -5.900139758736123e-03
-5.810000000000000e+00    -5.959082737178788e-03
-5.800000000000000e+00    -6.018610975222368e-03
-5.790000000000000e+00    -6.078730211828221e-03
-5.780000000000000e+00    -6.139446240776308e-03
-5.770000000000000e+00    -6.200764911159276e-03
-5.760000000000000e+00    -6.262692127880365e-03
-5.750000000000000e+00    -6.325233852155231e-03
-5.740000000000000e+00    -6.388396102017586e-03
-5.730000000000000e+00    -6.452184952828770e-03
-5.720000000000000e+00    -6.516606537791195e-03
-5.710000000000000e+00    -6.581667048465780e-03
-5.700000000000000e+00    -6.647372735293241e-03
-5.690000000000000e+00    -6.713729908119446e-03
-5.680000000000000e+00    -6.780744936724603e-03
-5.670000000000000e+00    -6.848424251356546e-03
-5.660000000000000e+00    -6.916774343268011e-03
-5.649999999999999e+00    -6.985801765257861e-03
-5.640000000000000e+00    -7.055513132216347e-03
-5.630000000000000e+00    -7.125915121674523e-03
-5.620000000000000e+00    -7.197014474357552e-03
-5.610000000000000e+00    -7.268817994742204e-03
-5.600000000000000e+00    -7.341332551618333e-03
-5.590000000000000e+00    -7.414565078654512e-03
-5.580000000000000e+00    -7.488522574967789e-03
-5.570000000000000e+00    -7.563212105697418e-03
-5.560000000000000e+00    -7.638640802582886e-03
-5.550000000000000e+00    -7.714815864545955e-03
-5.540000000000000e+00    -7.791744558276848e-03
-5.530000000000000e+00    -7.869434218824658e-03
-5.520000000000000e+00    -7.947892250191832e-03
-5.510000000000000e+00    -8.027126125932852e-03
-5.500000000000000e+00    -8.107143389757090e-03
-5.490000000000000e+00    -8.187951656135836e-03
-5.480000000000000e+00    -8.269558610913502e-03
-5.470000000000000e+00    -8.351972011922993e-03
-5.460000000000000e+00    -8.435199689605341e-03
-5.450000000000000e+00    -8.519249547633450e-03
-5.440000000000000e+00    -8.604129563540095e-03
-5.430000000000000e+00    -8.689847789350081e-03
-5.420000000000000e+00    -8.776412352216658e-03
-5.410000000000000e+00    -8.863831455062088e-03
-5.399999999999999e+00    -8.952113377222471e-03
-5.390000000000000e+00    -9.041266475096683e-03
-5.380000000000000e+00    -9.131299182799636e-03
-5.370000000000000e+00    -9.222220012819641e-03
-5.360000000000000e+00    -9.314037556680026e-03
-5.350000000000000e+00    -9.406760485604921e-03
-5.340000000000000e+00    -9.500397551189213e-03
-5.330000000000000e+00    -9.594957586072764e-03
-5.320000000000000e+00    -9.690449504618701e-03
-5.310000000000000e+00    -9.786882303595954e-03
-5.300000000000000e+00    -9.884265062865882e-03
-5.290000000000000e+00    -9.982606946073157e-03
-5.280000000000000e+00    -1.008191720134067e-02
-5.270000000000000e+00    -1.018220516196866e-02
-5.260000000000000e+00    -1.028348024713785e-02
-5.250000000000000e+00    -1.038575196261684e-02
-5.240000000000000e+00    -1.048902990147346e-02
-5.230000000000000e+00    -1.059332374479024e-02
-5.220000000000000e+00    -1.069864326238385e-02
-5.210000000000000e+00    -1.080499831352882e-02
-5.200000000000000e+00    -1.091239884768493e-02
-5.190000000000000e+00    -1.102085490522888e-02
-5.180000000000000e+00    -1.113037661818980e-02
-5.170000000000000e+00    -1.124097421098864e-02
-5.160000000000000e+00    -1.135265800118174e-02
-5.149999999999999e+00    -1.146543840020797e-02
-5.140000000000000e+00    -1.157932591413988e-02
-5.130000000000000e+00    -1.169433114443890e-02
-5.120000000000000e+00    -1.181046478871388e-02
-5.110000000000000e+00    -1.192773764148383e-02
-5.100000000000000e+00    -1.204616059494419e-02
-5.090000000000000e+00    -1.216574463973682e-02
-5.080000000000000e+00    -1.228650086572372e-02
-5.070000000000000e+00    -1.240844046276428e-02
-5.060000000000000e+00    -1.253157472149622e-02
-5.050000000000000e+00    -1.265591503412001e-02
-5.040000000000000e+00    -1.278147289518671e-02
-5.030000000000000e+00    -1.290825990238948e-02
-5.020000000000000e+00    -1.303628775735829e-02
-5.010000000000000e+00    -1.316556826645791e-02
-5.000000000000000e+00    -1.329611334158956e-02
-4.990000000000000e+00    -1.342793500099541e-02
-4.980000000000000e+00    -1.356104537006647e-02
-4.970000000000000e+00    -1.369545668215351e-02
-4.960000000000000e+00    -1.383118127938119e-02
-4.950000000000000e+00    -1.396823161346500e-02
-4.940000000000000e+00    -1.410662024653129e-02
-4.930000000000000e+00    -1.424635985194003e-02
-4.920000000000000e+00    -1.438746321511053e-02
-4.910000000000000e+00    -1.452994323434973e-02
-4.899999999999999e+00    -1.467381292168326e-02
-4.890000000000000e+00    -1.481908540368890e-02
-4.880000000000000e+00    -1.496577392233280e-02
-4.870000000000000e+00    -1.511389183580779e-02
-4.860000000000000e+00    -1.526345261937430e-02
-4.850000000000000e+00    -1.541446986620328e-02
-4.840000000000000e+00    -1.556695728822138e-02
-4.830000000000000e+00    -1.572092871695819e-02
-4.820000000000000e+00    -1.587639810439535e-02
-4.810000000000000e+00    -1.603337952381755e-02
-4.800000000000000e+00    -1.619188717066527e-02
-4.790000000000000e+00    -1.635193536338916e-02
-4.780000000000000e+00    -1.651353854430597e-02
-4.770000000000000e+00    -1.667671128045579e-02
-4.760000000000000e+00    -1.684146826446070e-02
-4.750000000000000e+00    -1.700782431538461e-02
-4.740000000000000e+00    -1.717579437959403e-02
-4.730000000000000e+00    -1.734539353161990e-02
-4.720000000000000e+00    -1.751663697502006e-02
-4.710000000000000e+00    -1.768954004324260e-02
-4.700000000000000e+00    -1.786411820048956e-02
-4.690000000000000e+00    -1.804038704258105e-02
-4.680000000000000e+00    -1.821836229781965e-02
-4.670000000000000e+00    -1.839805982785485e-02
-4.660000000000000e+00    -1.857949562854752e-02
-4.649999999999999e+00    -1.876268583083398e-02
-4.640000000000000e+00    -1.894764670158986e-02
-4.630000000000000e+00    -1.913439464449334e-02
-4.620000000000000e+00    -1.932294620088765e-02
-4.610000000000000e+00    -1.951331805064268e-02
-4.600000000000000e+00    -1.970552701301563e-02
-4.590000000000000e+00    -1.989959004751013e-02
-4.580000000000000e+00    -2.009552425473420e-02
-4.570000000000000e+00    -2.029334687725650e-02
-4.560000000000000e+00    -2.049307530046062e-02
-4.550000000000000e+00    -2.069472705339729e-02
-4.540000000000000e+00    -2.089831980963474e-02
-4.530000000000000e+00    -2.110387138810607e-02
-4.520000000000000e+00    -2.131139975395435e-02
-4.510000000000000e+00    -2.152092301937442e-02
-4.500000000000000e+00    -2.173245944445203e-02
-4.490000000000000e+00    -2.194602743799930e-02
-4.480000000000000e+00    -2.216164555838651e-02
-4.470000000000000e+00    -2.237933251437028e-02
-4.460000000000000e+00    -2.259910716591759e-02
-4.450000000000000e+00    -2.282098852502519e-02
-4.440000000000000e+00    -2.304499575653476e-02
-4.430000000000000e+00    -2.327114817894286e-02
-4.420000000000000e+00    -2.349946526520593e-02
-4.410000000000000e+00    -2.372996664353966e-02
-4.399999999999999e+00    -2.396267209821283e-02
-4.390000000000000e+00    -2.419760157033481e-02
-4.380000000000000e+00    -2.443477515863710e-02
-4.370000000000000e+00    -2.467421312024793e-02
-4.360000000000000e+00    -2.491593587146002e-02
-4.350000000000000e+00    -2.515996398849107e-02
-4.340000000000000e+00    -2.540631820823657e-02
-4.330000000000000e+00    -2.565501942901480e-02
-4.320000000000000e+00    -2.590608871130341e-02
-4.310000000000000e+00    -2.615954727846745e-02
-4.300000000000000e+00    -2.641541651747827e-02
-4.290000000000000e+00    -2.667371797962333e-02
-4.280000000000000e+00    -2.693447338120604e-02
-4.270000000000000e+00    -2.719770460423554e-02
-4.260000000000000e+00    -2.746343369710596e-02
-4.250000000000000e+00    -2.773168287526496e-02
-4.240000000000000e+00    -2.800247452187076e-02
-4.230000000000000e+00    -2.827583118843754e-02
-4.220000000000000e+00    -2.855177559546863e-02
-4.210000000000000e+00    -2.883033063307731e-02
-4.200000000000000e+00    -2.911151936159445e-02
-4.190000000000000e+00    -2.939536501216274e-02
-4.180000000000000e+00    -2.968189098731696e-02
-4.170000000000000e+00    -2.997112086155010e-02
-4.160000000000000e+00    -3.026307838186425e-02
-4.149999999999999e+00    -3.055778746830661e-02
-4.140000000000000e+00    -3.085527221448919e-02
-4.130000000000000e+00    -3.115555688809264e-02
-4.120000000000000e+00    -3.145866593135302e-02
-4.110000000000000e+00    -3.176462396153110e-02
-4.100000000000000e+00    -3.207345577136406e-02
-4.090000000000000e+00    -3.238518632949847e-02
-4.080000000000000e+00    -3.269984078090441e-02
-4.070000000000000e+00    -3.301744444727031e-02
-4.060000000000000e+00    -3.333802282737708e-02
-4.050000000000000e+00    -3.366160159745182e-02
-4.040000000000000e+00    -3.398820661150074e-02
-4.030000000000000e+00    -3.431786390161926e-02
-4.020000000000000e+00    -3.465059967828022e-02
-4.010000000000000e+00    -3.498644033059880e-02
-4.000000000000000e+00    -3.532541242657364e-02
-3.990000000000000e+00    -3.566754271330363e-02
-3.980000000000000e+00    -3.601285811717908e-02
-3.970000000000000e+00    -3.636138574404803e-02
-3.960000000000000e+00    -3.671315287935548e-02
-3.950000000000000e+00    -3.706818698825572e-02
-3.940000000000000e+00    -3.742651571569654e-02
-3.930000000000000e+00    -3.778816688647538e-02
-3.920000000000000e+00    -3.815316850526558e-02
-3.910000000000000e+00    -3.852154875661309e-02
-3.900000000000000e+00    -3.889333600490207e-02
-3.890000000000000e+00    -3.926855879428911e-02
-3.880000000000000e+00    -3.964724584860489e-02
-3.870000000000000e+00    -4.002942607122303e-02
-3.860000000000000e+00    -4.041512854489467e-02
-3.850000000000000e+00    -4.080438253154845e-02
-3.840000000000000e+00    -4.119721747205482e-02
-3.830000000000000e+00    -4.159366298595394e-02
-3.820000000000000e+00    -4.199374887114630e-02
-3.810000000000000e+00    -4.239750510354511e-02
-3.800000000000000e+00    -4.280496183668971e-02
-3.790000000000000e+00    -4.321614940131870e-02
-3.780000000000000e+00    -4.363109830490280e-02
-3.770000000000000e+00    -4.404983923113528e-02
-3.760000000000000e+00    -4.447240303938009e-02
-3.750000000000000e+00    -4.489882076407591e-02
-3.740000000000000e+00    -4.532912361409587e-02
-3.730000000000000e+00    -4.576334297206145e-02
-3.720000000000000e+00    -4.620151039360972e-02
-3.710000000000000e+00    -4.664365760661295e-02
-3.700000000000000e+00    -4.708981651034960e-02
-3.690000000000000e+00    -4.754001917462526e-02
-3.680000000000000e+00    -4.799429783884341e-02
-3.670000000000000e+00    -4.845268491102363e-02
-3.660000000000000e+00    -4.891521296676755e-02
-3.650000000000000e+00    -4.938191474817002e-02
-3.640000000000000e+00    -4.985282316267587e-02
-3.630000000000000e+00    -5.032797128187980e-02
-3.620000000000000e+00    -5.080739234026935e-02
-3.610000000000000e+00    -5.129111973390878e-02
-3.600000000000000e+00    -5.177918701906369e-02
-3.590000000000000e+00    -5.227162791076413e-02
-3.580000000000000e+00    -5.276847628130635e-02
-3.570000000000000e+00    -5.326976615869052e-02
-3.560000000000000e+00    -5.377553172499402e-02
-3.550000000000000e+00    -5.428580731467925e-02
-3.540000000000000e+00    -5.480062741283372e-02
-3.530000000000000e+00    -5.532002665334246e-02
-3.520000000000000e+00    -5.584403981699029e-02
-3.510000000000000e+00    -5.637270182949326e-02
-3.500000000000000e+00    -5.690604775945790e-02
-3.490000000000000e+00    -5.744411281626675e-02
-3.480000000000000e+00    -5.798693234788893e-02
-3.470000000000000e+00    -5.853454183861467e-02
-3.460000000000000e+00    -5.908697690671160e-02
-3.450000000000000e+00    -5.964427330200248e-02
-3.440000000000000e+00    -6.020646690336210e-02
-3.430000000000000e+00    -6.077359371613247e-02
-3.420000000000000e+00    -6.134568986945462e-02
-3.410000000000000e+00    -6.192279161351562e-02
-3.400000000000000e+00    -6.250493531670930e-02
-3.390000000000000e+00    -6.309215746270924e-02
-3.380000000000000e+00    -6.368449464745286e-02
-3.370000000000000e+00    -6.428198357603455e-02
-3.360000000000000e+00    -6.488466105950660e-02
-3.350000000000000e+00    -6.549256401158657e-02
-3.340000000000000e+00    -6.610572944526925e-02
-3.330000000000000e+00    -6.672419446934202e-02
-3.320000000000000e+00    -6.734799628480184e-02
-3.310000000000000e+00    -6.797717218117200e-02
-3.300000000000000e+00    -6.861175953271810e-02
-3.290000000000000e+00    -6.925179579455994e-02
-3.280000000000000e+00    -6.989731849867983e-02
-3.270000000000000e+00    -7.054836524982394e-02
-3.260000000000000e+00    -7.120497372129593e-02
-3.250000000000000e+00    -7.186718165064106e-02
-3.240000000000000e+00    -7.253502683521924e-02
-3.230000000000000e+00    -7.320854712766520e-02
-3.220000000000000e+00    -7.388778043123437e-02
-3.210000000000000e+00    -7.457276469503234e-02
-3.200000000000000e+00    -7.526353790912720e-02
-3.190000000000000e+00    -7.596013809954157e-02
-3.180000000000000e+00    -7.666260332312447e-02
-3.170000000000000e+00    -7.737097166229985e-02
-3.160000000000000e+00    -7.808528121969092e-02
-3.150000000000000e+00    -7.880557011261809e-02
-3.140000000000000e+00    -7.953187646746945e-02
-3.130000000000000e+00    -8.026423841394149e-02
-3.120000000000000e+00    -8.100269407914894e-02
-3.110000000000000e+00    -8.174728158160117e-02
-3.100000000000000e+00    -8.249803902504453e-02
-3.090000000000000e+00    -8.325500449216822e-02
-3.080000000000000e+00    -8.401821603817237e-02
-3.070000000000000e+00    -8.478771168419630e-02
-3.060000000000000e+00    -8.556352941060529e-02
-3.050000000000000e+00    -8.634570715013490e-02
-3.040000000000000e+00    -8.713428278089003e-02
-3.030000000000000e+00    -8.792929411919816e-02
-3.020000000000000e+00    -8.873077891231414e-02
-3.010000000000000e+00    -8.953877483097582e-02
-3.000000000000000e+00    -9.035331946180758e-02
-2.990000000000000e+00    -9.117445029957219e-02
-2.980000000000000e+00    -9.200220473926682e-02
-2.970000000000000e+00    -9.283662006806397e-02
-2.960000000000000e+00    -9.367773345709372e-02
-2.950000000000000e+00    -9.452558195306766e-02
-2.940000000000000e+00    -9.538020246974091e-02
-2.930000000000000e+00    -9.624163177921276e-02
-2.920000000000000e+00    -9.710990650306231e-02
-2.910000000000000e+00    -9.798506310331974e-02
-2.900000000000000e+00    -9.886713787326935e-02
-2.890000000000000e+00    -9.975616692808582e-02
-2.880000000000000e+00    -1.006521861952991e-01
-2.870000000000000e+00    -1.015552314050890e-01
-2.860000000000000e+00    -1.024653380804069e-01
-2.850000000000000e+00    -1.033825415269234e-01
-2.840000000000000e+00    -1.043068768228008e-01
-2.830000000000000e+00    -1.052383788082889e-01
-2.820000000000000e+00    -1.061770820751429e-01
-2.810000000000000e+00    -1.071230209558627e-01
-2.800000000000000e+00    -1.080762295127512e-01
-2.790000000000000e+00    -1.090367415267918e-01
-2.780000000000000e+00    -1.100045904863436e-01
-2.770000000000000e+00    -1.109798095756521e-01
-2.760000000000000e+00    -1.119624316631765e-01
-2.750000000000000e+00    -1.129524892897304e-01
-2.740000000000000e+00    -1.139500146564376e-01
-2.730000000000000e+00    -1.149550396124985e-01
-2.720000000000000e+00    -1.159675956427704e-01
-2.710000000000000e+00    -1.169877138551576e-01
-2.700000000000000e+00    -1.180154249678128e-01
-2.690000000000000e+00    -1.190507592961477e-01
-2.680000000000000e+00    -1.200937467396533e-01
-2.670000000000000e+00    -1.211444167685286e-01
-2.660000000000000e+00    -1.222027984101179e-01
-2.650000000000000e+00    -1.232689202351555e-01
-2.640000000000000e+00    -1.243428103438184e-01
-2.630000000000000e+00    -1.254244963515869e-01
-2.620000000000000e+00    -1.265140053749109e-01
-2.610000000000000e+00    -1.276113640166848e-01
-2.600000000000000e+00    -1.287165983515293e-01
-2.590000000000000e+00    -1.298297339108797e-01
-2.580000000000000e+00    -1.309507956678823e-01
-2.570000000000000e+00    -1.320798080220984e-01
-2.560000000000000e+00    -1.332167947840168e-01
-2.550000000000000e+00    -1.343617791593735e-01
-2.540000000000000e+00    -1.355147837332814e-01
-2.530000000000000e+00    -1.366758304541707e-01
-2.520000000000000e+00    -1.378449406175372e-01
-2.510000000000000e+00    -1.390221348495050e-01
-2.500000000000000e+00    -1.402074330901987e-01
-2.490000000000000e+00    -1.414008545769310e-01
-2.480000000000000e+00    -1.426024178272045e-01
-2.470000000000000e+00    -1.438121406215285e-01
-2.460000000000000e+00    -1.450300399860542e-01
-2.450000000000000e+00    -1.462561321750285e-01
-2.440000000000000e+00    -1.474904326530681e-01
-2.430000000000000e+00    -1.487329560772569e-01
-2.420000000000000e+00    -1.499837162790659e-01
-2.410000000000000e+00    -1.512427262461031e-01
-2.400000000000000e+00    -1.525099981036871e-01
-2.390000000000000e+00    -1.537855430962569e-01
-2.380000000000000e+00    -1.550693715686116e-01
-2.370000000000000e+00    -1.563614929469883e-01
-2.360000000000000e+00    -1.576619157199777e-01
-2.350000000000000e+00    -1.589706474192833e-01
-2.340000000000000e+00    -1.602876946003241e-01
-2.330000000000000e+00    -1.616130628226871e-01
-2.320000000000000e+00    -1.629467566304308e-01
-2.310000000000000e+00    -1.642887795322441e-01
-2.300000000000000e+00    -1.656391339814656e-01
-2.290000000000000e+00    -1.669978213559647e-01
-2.280000000000000e+00    -1.683648419378915e-01
-2.270000000000000e+00    -1.697401948932962e-01
-2.260000000000000e+00    -1.711238782516276e-01
-2.250000000000000e+00    -1.725158888851094e-01
-2.240000000000000e+00    -1.739162224880051e-01
-2.230000000000000e+00    -1.753248735557709e-01
-2.220000000000000e+00    -1.767418353641069e-01
-2.210000000000000e+00    -1.781670999479076e-01
-2.200000000000000e+00    -1.796006580801215e-01
-2.190000000000000e+00    -1.810424992505223e-01
-2.180000000000000e+00    -1.824926116443996e-01
-2.170000000000000e+00    -1.839509821211736e-01
-2.160000000000000e+00    -1.854175961929438e-01
-2.150000000000000e+00    -1.868924380029733e-01
-2.140000000000000e+00    -1.883754903041202e-01
-2.130000000000000e+00    -1.898667344372204e-01
-2.120000000000000e+00    -1.913661503094302e-01
-2.110000000000000e+00    -1.928737163725351e-01
-2.100000000000000e+00    -1.943894096012357e-01
-2.090000000000000e+00    -1.959132054714135e-01
-2.080000000000000e+00    -1.974450779383897e-01
-2.070000000000000e+00    -1.989849994151825e-01
-2.060000000000000e+00    -2.005329407507725e-01
-2.050000000000000e+00    -2.020888712083855e-01
-2.040000000000000e+00    -2.036527584438003e-01
-2.030000000000000e+00    -2.052245684836929e-01
-2.020000000000000e+00    -2.068042657040245e-01
-2.010000000000000e+00    -2.083918128084846e-01
-2.000000000000000e+00    -2.099871708069991e-01
-1.990000000000000e+00    -2.115902989943128e-01
-1.980000000000000e+00    -2.132011549286570e-01
-1.970000000000000e+00    -2.148196944105140e-01
-1.960000000000000e+00    -2.164458714614880e-01
-1.950000000000000e+00    -2.180796383032938e-01
-1.940000000000000e+00    -2.197209453368763e-01
-1.930000000000000e+00    -2.213697411216700e-01
-1.920000000000000e+00    -2.230259723550119e-01
-1.910000000000000e+00    -2.246895838517202e-01
-1.900000000000000e+00    -2.263605185238493e-01
-1.890000000000000e+00    -2.280387173606352e-01
-1.880000000000000e+00    -2.297241194086444e-01
-1.870000000000000e+00    -2.314166617521377e-01
-1.860000000000000e+00    -2.331162794936626e-01
-1.850000000000000e+00    -2.348229057348887e-01
-1.840000000000000e+00    -2.365364715576990e-01
-1.830000000000000e+00    -2.382569060055502e-01
-1.820000000000000e+00    -2.399841360651174e-01
-1.810000000000000e+00    -2.417180866482367e-01
-1.800000000000000e+00    -2.434586805741598e-01
-1.790000000000000e+00    -2.452058385521354e-01
-1.780000000000000e+00    -2.469594791643343e-01
-1.770000000000000e+00    -2.487195188491284e-01
-1.760000000000000e+00    -2.504858718847436e-01
-1.750000000000000e+00    -2.522584503733001e-01
-1.740000000000000e+00    -2.540371642252532e-01
-1.730000000000000e+00    -2.558219211442561e-01
-1.720000000000000e+00    -2.576126266124532e-01
-1.710000000000000e+00    -2.594091838762265e-01
-1.700000000000000e+00    -2.612114939324068e-01
-1.690000000000000e+00    -2.630194555149671e-01
-1.680000000000000e+00    -2.648329650822160e-01
-1.670000000000000e+00    -2.666519168045057e-01
-1.660000000000000e+00    -2.684762025524716e-01
-1.650000000000000e+00    -2.703057118858205e-01
-1.640000000000000e+00    -2.721403320426848e-01
-1.630000000000000e+00    -2.739799479295572e-01
-1.620000000000000e+00    -2.758244421118257e-01
-1.610000000000000e+00    -2.776736948049238e-01
-1.600000000000000e+00    -2.795275838661145e-01
-1.590000000000000e+00    -2.813859847869216e-01
-1.580000000000000e+00    -2.832487706862314e-01
-1.570000000000000e+00    -2.851158123040760e-01
-1.560000000000000e+00    -2.869869779961178e-01
-1.550000000000000e+00    -2.888621337288533e-01
-1.540000000000000e+00    -2.907411430755509e-01
-1.530000000000000e+00    -2.926238672129410e-01
-1.520000000000000e+00    -2.945101649186752e-01
-1.510000000000000e+00    -2.963998925695712e-01
-1.500000000000000e+00    -2.982929041406606e-01
-1.490000000000000e+00    -3.001890512050547e-01
-1.480000000000000e+00    -3.020881829346489e-01
-1.470000000000000e+00    -3.039901461016761e-01
-1.460000000000000e+00    -3.058947850811313e-01
-1.450000000000000e+00    -3.078019418540791e-01
-1.440000000000000e+00    -3.097114560118626e-01
-1.430000000000000e+00    -3.116231647612300e-01
-1.420000000000000e+00    -3.135369029303902e-01
-1.410000000000000e+00    -3.154525029760193e-01
-1.400000000000000e+00    -3.173697949912261e-01
-1.390000000000000e+00    -3.192886067144984e-01
-1.380000000000000e+00    -3.212087635396393e-01
-1.370000000000000e+00    -3.231300885267084e-01
-1.360000000000000e+00    -3.250524024139868e-01
-1.350000000000000e+00    -3.269755236309718e-01
-1.340000000000000e+00    -3.288992683124224e-01
-1.330000000000000e+00    -3.308234503134616e-01
-1.320000000000000e+00    -3.327478812257536e-01
-1.310000000000000e+00    -3.346723703947646e-01
-1.300000000000000e+00    -3.365967249381194e-01
-1.290000000000000e+00    -3.385207497650679e-01
-1.280000000000000e+00    -3.404442475970671e-01
-1.270000000000000e+00    -3.423670189894942e-01
-1.260000000000000e+00    -3.442888623544973e-01
-1.250000000000000e+00    -3.462095739849942e-01
-1.240000000000000e+00    -3.481289480798281e-01
-1.230000000000000e+00    -3.500467767700878e-01
-1.220000000000000e+00    -3.519628501466007e-01
-1.210000000000000e+00    -3.538769562886062e-01
-1.200000000000000e+00    -3.557888812936128e-01
-1.190000000000000e+00    -3.576984093084505e-01
-1.180000000000000e+00    -3.596053225615172e-01
-1.170000000000000e+00    -3.615094013962279e-01
-1.160000000000000e+00    -3.634104243056704e-01
-1.150000000000000e+00    -3.653081679684654e-01
-1.140000000000000e+00    -3.672024072858434e-01
-1.130000000000000e+00    -3.690929154199273e-01
-1.120000000000000e+00    -3.709794638332347e-01
-1.110000000000000e+00    -3.728618223293890e-01
-1.100000000000000e+00    -3.747397590950446e-01
-1.090000000000000e+00    -3.766130407430253e-01
-1.080000000000000e+00    -3.784814323566685e-01
-1.070000000000000e+00    -3.803446975353772e-01
-1.060000000000000e+00    -3.822025984413742e-01
-1.050000000000000e+00    -3.840548958476515e-01
-1.040000000000000e+00    -3.859013491871131e-01
-1.030000000000000e+00    -3.877417166029005e-01
-1.020000000000000e+00    -3.895757549998987e-01
-1.010000000000000e+00    -3.914032200974062e-01
-9.999999999999998e-01    -3.932238664829690e-01
-9.899999999999998e-01    -3.950374476673613e-01
-9.799999999999998e-01    -3.968437161407064e-01
-9.699999999999999e-01    -3.986424234297208e-01
-9.599999999999999e-01    -4.004333201560726e-01
-9.499999999999998e-01    -4.022161560958400e-01
-9.399999999999998e-01    -4.039906802400512e-01
-9.299999999999998e-01    -4.057566408562938e-01
-9.199999999999998e-01    -4.075137855513735e-01
-9.099999999999998e-01    -4.092618613350077e-01
-8.999999999999998e-01    -4.110006146845315e-01
-8.899999999999998e-01    -4.127297916105977e-01
-8.799999999999998e-01    -4.144491377238514e-01
-8.699999999999998e-01    -4.161583983025533e-01
-8.599999999999998e-01    -4.178573183611348e-01
-8.499999999999998e-01    -4.195456427196544e-01
-8.399999999999999e-01    -4.212231160741355e-01
-8.299999999999998e-01    -4.228894830677586e-01
-8.199999999999998e-01    -4.245444883628792e-01
-8.099999999999998e-01    -4.261878767138466e-01
-7.999999999999998e-01    -4.278193930405929e-01
-7.899999999999998e-01    -4.294387825029634e-01
-7.799999999999998e-01    -4.310457905757581e-01
-7.699999999999998e-01    -4.326401631244516e-01
-7.599999999999998e-01    -4.342216464815621e-01
-7.499999999999998e-01    -4.357899875236317e-01
-7.399999999999998e-01    -4.373449337487877e-01
-7.299999999999998e-01    -4.388862333548497e-01
-7.199999999999998e-01    -4.404136353179433e-01
-7.099999999999999e-01    -4.419268894715883e-01
-6.999999999999998e-01    -4.434257465862216e-01
-6.899999999999998e-01    -4.449099584491153e-01
-6.799999999999998e-01    -4.463792779446551e-01
-6.699999999999998e-01    -4.478334591349349e-01
-6.599999999999998e-01    -4.492722573406309e-01
-6.499999999999998e-01    -4.506954292221109e-01
-6.399999999999998e-01    -4.521027328607399e-01
-6.299999999999998e-01    -4.534939278403381e-01
-6.199999999999998e-01    -4.548687753287484e-01
-6.099999999999998e-01    -4.562270381594705e-01
-5.999999999999998e-01    -4.575684809133174e-01
-5.899999999999999e-01    -4.588928700000485e-01
-5.799999999999998e-01    -4.601999737399378e-01
-5.699999999999998e-01    -4.614895624452260e-01
-5.599999999999998e-01    -4.627614085014173e-01
-5.499999999999998e-01    -4.640152864483686e-01
-5.399999999999998e-01    -4.652509730611292e-01
-5.299999999999998e-01    -4.664682474304804e-01
-5.199999999999998e-01    -4.676668910431321e-01
-5.099999999999998e-01    -4.688466878615247e-01
-4.999999999999998e-01    -4.700074244031909e-01
-4.899999999999998e-01    -4.711488898196314e-01
-4.799999999999998e-01    -4.722708759746523e-01
-4.699999999999998e-01    -4.733731775221224e-01
-4.599999999999998e-01    -4.744555919830962e-01
-4.499999999999998e-01    -4.755179198222603e-01
-4.399999999999998e-01    -4.765599645236521e-01
-4.299999999999998e-01    -4.775815326656047e-01
-4.199999999999998e-01    -4.785824339948707e-01
-4.099999999999998e-01    -4.795624814998761e-01
-3.999999999999998e-01    -4.805214914830597e-01
-3.899999999999998e-01    -4.814592836322499e-01
-3.799999999999998e-01    -4.823756810910328e-01
-3.699999999999998e-01    -4.832705105280656e-01
-3.599999999999998e-01    -4.841436022052901e-01
-3.499999999999998e-01    -4.849947900450012e-01
-3.399999999999998e-01    -4.858239116957261e-01
-3.299999999999998e-01    -4.866308085968701e-01
-3.199999999999998e-01    -4.874153260420840e-01
-3.099999999999998e-01    -4.881773132413147e-01
-2.999999999999998e-01    -4.889166233814923e-01
-2.899999999999998e-01    -4.896331136858147e-01
-2.799999999999998e-01    -4.903266454715897e-01
-2.699999999999998e-01    -4.909970842065934e-01
-2.599999999999998e-01    -4.916442995639076e-01
-2.499999999999998e-01    -4.922681654751970e-01
-2.399999999999998e-01    -4.928685601823897e-01
-2.299999999999998e-01    -4.934453662877255e-01
-2.199999999999998e-01    -4.939984708021371e-01
-2.099999999999998e-01    -4.945277651919286e-01
-1.999999999999998e-01    -4.950331454237200e-01
-1.899999999999998e-01    -4.955145120076269e-01
-1.799999999999998e-01    -4.959717700386413e-01
-1.699999999999998e-01    -4.964048292361893e-01
-1.599999999999998e-01    -4.968136039818317e-01
-1.499999999999998e-01    -4.971980133550860e-01
-1.399999999999998e-01    -4.975579811673402e-01
-1.299999999999998e-01    -4.978934359938362e-01
-1.199999999999998e-01    -4.982043112037002e-01
-1.099999999999998e-01    -4.984905449879961e-01
-9.999999999999980e-02    -4.987520803857840e-01
-8.999999999999979e-02    -4.989888653081642e-01
-7.999999999999979e-02    -4.992008525602889e-01
-6.999999999999980e-02    -4.993879998613269e-01
-5.999999999999979e-02    -4.995502698623646e-01
-4.999999999999979e-02    -4.996876301622329e-01
-3.999999999999979e-02    -4.998000533212468e-01
-2.999999999999979e-02    -4.998875168728487e-01
-1.999999999999979e-02    -4.999500033331444e-01
-9.999999999999792e-03    -4.999875002083304e-01
2.081668171172169e-16    -5.000000000000000e-01
1.000000000000021e-02    -4.999875002083304e-01
2.000000000000021e-02    -4.999500033331443e-01
3.000000000000021e-02    -4.998875168728487e-01
4.000000000000021e-02    -4.998000533212468e-01
5.000000000000021e-02    -4.996876301622329e-01
6.000000000000021e-02    -4.995502698623646e-01
7.000000000000021e-02    -4.993879998613269e-01
8.000000000000021e-02    -4.992008525602888e-01
9.000000000000020e-02    -4.989888653081642e-01
1.000000000000002e-01    -4.987520803857840e-01
1.100000000000002e-01    -4.984905449879961e-01
1.200000000000002e-01    -4.982043112037002e-01
1.300000000000002e-01    -4.978934359938361e-01
1.400000000000002e-01    -4.975579811673401e-01
1.500000000000002e-01    -4.971980133550860e-01
1.600000000000002e-01    -4.968136039818317e-01
1.700000000000002e-01    -4.964048292361893e-01
1.800000000000002e-01    -4.959717700386413e-01
1.900000000000002e-01    -4.955145120076268e-01
2.000000000000002e-01    -4.950331454237200e-01
2.100000000000002e-01    -4.945277651919286e-01
2.200000000000002e-01    -4.939984708021371e-01
2.300000000000002e-01    -4.934453662877255e-01
2.400000000000002e-01    -4.928685601823896e-01
2.500000000000002e-01    -4.922681654751970e-01
2.600000000000002e-01    -4.916442995639076e-01
2.700000000000002e-01    -4.909970842065934e-01
2.800000000000002e-01    -4.903266454715896e-01
2.900000000000002e-01    -4.896331136858147e-01
3.000000000000002e-01    -4.889166233814923e-01
3.100000000000002e-01    -4.881773132413147e-01
3.200000000000002e-01    -4.874153260420840e-01
3.300000000000002e-01    -4.866308085968700e-01
3.400000000000002e-01    -4.858239116957261e-01
3.500000000000002e-01    -4.849947900450011e-01
3.600000000000002e-01    -4.841436022052900e-01
3.700000000000002e-01    -4.832705105280656e-01
3.800000000000002e-01    -4.823756810910328e-01
3.900000000000002e-01    -4.814592836322499e-01
4.000000000000002e-01    -4.805214914830596e-01
4.100000000000002e-01    -4.795624814998760e-01
4.200000000000002e-01    -4.785824339948706e-01
4.300000000000002e-01    -4.775815326656048e-01
4.400000000000002e-01    -4.765599645236520e-01
4.500000000000002e-01    -4.755179198222603e-01
4.600000000000002e-01    -4.744555919830962e-01
4.700000000000002e-01    -4.733731775221223e-01
4.800000000000002e-01    -4.722708759746522e-01
4.900000000000002e-01    -4.711488898196313e-01
5.000000000000002e-01    -4.700074244031909e-01
5.100000000000002e-01    -4.688466878615247e-01
5.200000000000002e-01    -4.676668910431321e-01
5.300000000000002e-01    -4.664682474304803e-01
5.400000000000003e-01    -4.652509730611291e-01
5.500000000000003e-01    -4.640152864483686e-01
5.600000000000003e-01    -4.627614085014173e-01
5.700000000000002e-01    -4.614895624452260e-01
5.800000000000002e-01    -4.601999737399378e-01
5.900000000000002e-01    -4.588928700000484e-01
6.000000000000002e-01    -4.575684809133173e-01
6.100000000000002e-01    -4.562270381594705e-01
6.200000000000002e-01    -4.548687753287484e-01
6.300000000000002e-01    -4.534939278403380e-01
6.400000000000002e-01    -4.521027328607398e-01
6.500000000000002e-01    -4.506954292221108e-01
6.600000000000003e-01    -4.492722573406308e-01
6.700000000000003e-01    -4.478334591349348e-01
6.800000000000003e-01    -4.463792779446550e-01
6.900000000000002e-01    -4.449099584491152e-01
7.000000000000002e-01    -4.434257465862215e-01
7.100000000000002e-01    -4.419268894715882e-01
7.200000000000002e-01    -4.404136353179431e-01
7.300000000000002e-01    -4.388862333548497e-01
7.400000000000002e-01    -4.373449337487876e-01
7.500000000000002e-01    -4.357899875236316e-01
7.600000000000002e-01    -4.342216464815620e-01
7.700000000000002e-01    -4.326401631244516e-01
7.800000000000002e-01    -4.310457905757580e-01
7.900000000000003e-01    -4.294387825029634e-01
8.000000000000003e-01    -4.278193930405927e-01
8.100000000000003e-01    -4.261878767138464e-01
8.200000000000002e-01    -4.245444883628791e-01
8.300000000000002e-01    -4.228894830677586e-01
8.400000000000002e-01    -4.212231160741354e-01
8.500000000000002e-01    -4.195456427196544e-01
8.600000000000002e-01    -4.178573183611348e-01
8.700000000000002e-01    -4.161583983025533e-01
8.800000000000002e-01    -4.144491377238513e-01
8.900000000000002e-01    -4.127297916105977e-01
9.000000000000002e-01    -4.110006146845314e-01
9.100000000000003e-01    -4.092618613350076e-01
9.200000000000003e-01    -4.075137855513735e-01
9.300000000000003e-01    -4.057566408562936e-01
9.400000000000003e-01    -4.039906802400511e-01
9.500000000000002e-01    -4.022161560958400e-01
9.600000000000002e-01    -4.004333201560725e-01
9.700000000000002e-01    -3.986424234297207e-01
9.800000000000002e-01    -3.968437161407064e-01
9.900000000000002e-01    -3.950374476673612e-01
1.000000000000000e+00    -3.932238664829689e-01
1.010000000000000e+00    -3.914032200974061e-01
1.020000000000000e+00    -3.895757549998986e-01
1.030000000000000e+00    -3.877417166029004e-01
1.040000000000000e+00    -3.859013491871129e-01
1.050000000000000e+00    -3.840548958476515e-01
1.060000000000000e+00    -3.822025984413741e-01
1.070000000000000e+00    -3.803446975353771e-01
1.080000000000000e+00    -3.784814323566684e-01
1.090000000000000e+00    -3.766130407430253e-01
1.100000000000000e+00    -3.747397590950445e-01
1.110000000000000e+00    -3.728618223293889e-01
1.120000000000000e+00    -3.709794638332346e-01
1.130000000000000e+00    -3.690929154199273e-01
1.140000000000000e+00    -3.672024072858434e-01
1.150000000000000e+00    -3.653081679684654e-01
1.160000000000000e+00    -3.634104243056703e-01
1.170000000000000e+00    -3.615094013962278e-01
1.180000000000000e+00    -3.596053225615171e-01
1.190000000000000e+00    -3.576984093084505e-01
1.200000000000000e+00    -3.557888812936127e-01
1.210000000000000e+00    -3.538769562886062e-01
1.220000000000000e+00    -3.519628501466006e-01
1.230000000000000e+00    -3.500467767700878e-01
1.240000000000000e+00    -3.481289480798280e-01
1.250000000000000e+00    -3.462095739849942e-01
1.260000000000000e+00    -3.442888623544972e-01
1.270000000000000e+00    -3.423670189894941e-01
1.280000000000000e+00    -3.404442475970670e-01
1.290000000000000e+00    -3.385207497650677e-01
1.300000000000000e+00    -3.365967249381193e-01
1.310000000000000e+00    -3.346723703947644e-01
1.320000000000000e+00    -3.327478812257536e-01
1.330000000000000e+00    -3.308234503134615e-01
1.340000000000000e+00    -3.288992683124223e-01
1.350000000000000e+00    -3.269755236309717e-01
1.360000000000000e+00    -3.250524024139866e-01
1.370000000000000e+00    -3.231300885267083e-01
1.380000000000000e+00    -3.212087635396392e-01
1.390000000000000e+00    -3.192886067144984e-01
1.400000000000000e+00    -3.173697949912260e-01
1.410000000000000e+00    -3.154525029760193e-01
1.420000000000000e+00    -3.135369029303901e-01
1.430000000000000e+00    -3.116231647612299e-01
1.440000000000000e+00    -3.097114560118626e-01
1.450000000000000e+00    -3.078019418540789e-01
1.460000000000000e+00    -3.058947850811313e-01
1.470000000000000e+00    -3.039901461016760e-01
1.480000000000000e+00    -3.020881829346488e-01
1.490000000000000e+00    -3.001890512050546e-01
1.500000000000000e+00    -2.982929041406605e-01
1.510000000000000e+00    -2.963998925695711e-01
1.520000000000000e+00    -2.945101649186751e-01
1.530000000000000e+00    -2.926238672129409e-01
1.540000000000000e+00    -2.907411430755508e-01
1.550000000000000e+00    -2.888621337288532e-01
1.560000000000000e+00    -2.869869779961177e-01
1.570000000000000e+00    -2.851158123040759e-01
1.580000000000000e+00    -2.832487706862314e-01
1.590000000000000e+00    -2.813859847869216e-01
1.600000000000000e+00    -2.795275838661144e-01
1.610000000000000e+00    -2.776736948049238e-01
1.620000000000000e+00    -2.758244421118256e-01
1.630000000000000e+00    -2.739799479295570e-01
1.640000000000000e+00    -2.721403320426847e-01
1.650000000000000e+00    -2.703057118858205e-01
1.660000000000000e+00    -2.684762025524716e-01
1.670000000000000e+00    -2.666519168045057e-01
1.680000000000000e+00    -2.648329650822159e-01
1.690000000000000e+00    -2.630194555149670e-01
1.700000000000000e+00    -2.612114939324068e-01
1.710000000000000e+00    -2.594091838762265e-01
1.720000000000000e+00    -2.576126266124532e-01
1.730000000000000e+00    -2.558219211442560e-01
1.740000000000000e+00    -2.540371642252532e-01
1.750000000000000e+00    -2.522584503733001e-01
1.760000000000000e+00    -2.504858718847435e-01
1.770000000000000e+00    -2.487195188491282e-01
1.780000000000000e+00    -2.469594791643343e-01
1.790000000000000e+00    -2.452058385521353e-01
1.800000000000000e+00    -2.434586805741597e-01
1.810000000000000e+00    -2.417180866482366e-01
1.820000000000000e+00    -2.399841360651173e-01
1.830000000000000e+00    -2.382569060055502e-01
1.840000000000000e+00    -2.365364715576989e-01
1.850000000000000e+00    -2.348229057348886e-01
1.860000000000000e+00    -2.331162794936625e-01
1.870000000000000e+00    -2.314166617521377e-01
1.880000000000000e+00    -2.297241194086443e-01
1.890000000000000e+00    -2.280387173606351e-01
1.900000000000000e+00    -2.263605185238492e-01
1.910000000000000e+00    -2.246895838517202e-01
1.920000000000000e+00    -2.230259723550119e-01
1.930000000000000e+00    -2.213697411216699e-01
1.940000000000000e+00    -2.197209453368762e-01
1.950000000000000e+00    -2.180796383032938e-01
1.960000000000000e+00    -2.164458714614879e-01
1.970000000000000e+00    -2.148196944105140e-01
1.980000000000000e+00    -2.132011549286568e-01
1.990000000000000e+00    -2.115902989943127e-01
2.000000000000000e+00    -2.099871708069990e-01
2.010000000000000e+00    -2.083918128084846e-01
2.020000000000000e+00    -2.068042657040244e-01
2.030000000000000e+00    -2.052245684836928e-01
2.040000000000000e+00    -2.036527584438003e-01
2.050000000000000e+00    -2.020888712083854e-01
2.060000000000000e+00    -2.005329407507725e-01
2.070000000000000e+00    -1.989849994151824e-01
2.080000000000000e+00    -1.974450779383896e-01
2.090000000000000e+00    -1.959132054714134e-01
2.100000000000000e+00    -1.943894096012357e-01
2.110000000000000e+00    -1.928737163725351e-01
2.120000000000000e+00    -1.913661503094302e-01
2.130000000000000e+00    -1.898667344372203e-01
2.140000000000000e+00    -1.883754903041202e-01
2.150000000000000e+00    -1.868924380029732e-01
2.160000000000000e+00    -1.854175961929437e-01
2.170000000000000e+00    -1.839509821211735e-01
2.180000000000000e+00    -1.824926116443995e-01
2.190000000000000e+00    -1.810424992505222e-01
2.200000000000000e+00    -1.796006580801215e-01
2.210000000000000e+00    -1.781670999479075e-01
2.220000000000000e+00    -1.767418353641069e-01
2.230000000000000e+00    -1.753248735557708e-01
2.240000000000000e+00    -1.739162224880051e-01
2.250000000000000e+00    -1.725158888851093e-01
2.260000000000000e+00    -1.711238782516275e-01
2.270000000000000e+00    -1.697401948932962e-01
2.280000000000000e+00    -1.683648419378915e-01
2.290000000000000e+00    -1.669978213559648e-01
2.300000000000000e+00    -1.656391339814656e-01
2.310000000000000e+00    -1.642887795322441e-01
2.320000000000000e+00    -1.629467566304307e-01
2.330000000000000e+00    -1.616130628226871e-01
2.340000000000000e+00    -1.602876946003240e-01
2.350000000000000e+00    -1.589706474192833e-01
2.360000000000000e+00    -1.576619157199776e-01
2.370000000000000e+00    -1.563614929469883e-01
2.380000000000000e+00    -1.550693715686116e-01
2.390000000000000e+00    -1.537855430962568e-01
2.400000000000000e+00    -1.525099981036870e-01
2.410000000000000e+00    -1.512427262461030e-01
2.420000000000000e+00    -1.499837162790659e-01
2.430000000000000e+00    -1.487329560772568e-01
2.440000000000000e+00    -1.474904326530681e-01
2.450000000000000e+00    -1.462561321750284e-01
2.460000000000000e+00    -1.450300399860541e-01
2.470000000000000e+00    -1.438121406215284e-01
2.480000000000000e+00    -1.426024178272044e-01
2.490000000000000e+00    -1.414008545769309e-01
2.500000000000000e+00    -1.402074330901986e-01
2.510000000000000e+00    -1.390221348495050e-01
2.520000000000000e+00    -1.378449406175372e-01
2.530000000000000e+00    -1.366758304541706e-01
2.540000000000000e+00    -1.355147837332814e-01
2.550000000000000e+00    -1.343617791593734e-01
2.560000000000000e+00    -1.332167947840168e-01
2.570000000000000e+00    -1.320798080220984e-01
2.580000000000000e+00    -1.309507956678822e-01
2.590000000000000e+00    -1.298297339108797e-01
2.600000000000000e+00    -1.287165983515293e-01
2.610000000000000e+00    -1.276113640166848e-01
2.620000000000000e+00    -1.265140053749108e-01
2.630000000000000e+00    -1.254244963515868e-01
2.640000000000000e+00    -1.243428103438184e-01
2.650000000000000e+00    -1.232689202351554e-01
2.660000000000000e+00    -1.222027984101179e-01
2.670000000000000e+00    -1.211444167685285e-01
2.680000000000000e+00    -1.200937467396532e-01
2.690000000000000e+00    -1.190507592961477e-01
2.700000000000000e+00    -1.180154249678127e-01
2.710000000000000e+00    -1.169877138551576e-01
2.720000000000000e+00    -1.159675956427704e-01
2.730000000000000e+00    -1.149550396124985e-01
2.740000000000000e+00    -1.139500146564375e-01
2.750000000000000e+00    -1.129524892897304e-01
2.760000000000000e+00    -1.119624316631764e-01
2.770000000000000e+00    -1.109798095756521e-01
2.780000000000000e+00    -1.100045904863435e-01
2.790000000000000e+00    -1.090367415267918e-01
2.800000000000000e+00    -1.080762295127511e-01
2.810000000000000e+00    -1.071230209558627e-01
2.820000000000000e+00    -1.061770820751428e-01
2.830000000000000e+00    -1.052383788082889e-01
2.840000000000000e+00    -1.043068768228008e-01
2.850000000000000e+00    -1.033825415269234e-01
2.860000000000000e+00    -1.024653380804068e-01
2.870000000000000e+00    -1.015552314050890e-01
2.880000000000000e+00    -1.006521861952990e-01
2.890000000000000e+00    -9.975616692808580e-02
2.900000000000000e+00    -9.886713787326930e-02
2.910000000000000e+00    -9.798506310331970e-02
2.920000000000000e+00    -9.710990650306228e-02
2.930000000000000e+00    -9.624163177921273e-02
2.940000000000000e+00    -9.538020246974088e-02
2.950000000000000e+00    -9.452558195306762e-02
2.960000000000000e+00    -9.367773345709368e-02
2.970000000000000e+00    -9.283662006806392e-02
2.980000000000000e+00    -9.200220473926678e-02
2.990000000000000e+00    -9.117445029957216e-02
3.000000000000000e+00    -9.035331946180754e-02
3.010000000000000e+00    -8.953877483097578e-02
3.020000000000000e+00    -8.873077891231410e-02
3.030000000000000e+00    -8.792929411919814e-02
3.040000000000000e+00    -8.713428278088999e-02
3.050000000000000e+00    -8.634570715013487e-02
3.060000000000000e+00    -8.556352941060529e-02
3.070000000000000e+00    -8.478771168419627e-02
3.080000000000000e+00    -8.401821603817237e-02
3.090000000000000e+00    -8.325500449216817e-02
3.100000000000000e+00    -8.249803902504449e-02
3.110000000000000e+00    -8.174728158160115e-02
3.120000000000000e+00    -8.100269407914891e-02
3.130000000000000e+00    -8.026423841394148e-02
3.140000000000000e+00    -7.953187646746943e-02
3.150000000000000e+00    -7.880557011261805e-02
3.160000000000000e+00    -7.808528121969090e-02
3.170000000000000e+00    -7.737097166229982e-02
3.180000000000000e+00    -7.666260332312443e-02
3.190000000000000e+00    -7.596013809954152e-02
3.200000000000000e+00    -7.526353790912715e-02
3.210000000000000e+00    -7.457276469503230e-02
3.220000000000000e+00    -7.388778043123433e-02
3.230000000000000e+00    -7.320854712766516e-02
3.240000000000000e+00    -7.253502683521920e-02
3.250000000000000e+00    -7.186718165064103e-02
3.260000000000000e+00    -7.120497372129592e-02
3.270000000000000e+00    -7.054836524982391e-02
3.280000000000000e+00    -6.989731849867981e-02
3.290000000000000e+00    -6.925179579455991e-02
3.300000000000000e+00    -6.861175953271807e-02
3.310000000000000e+00    -6.797717218117197e-02
3.320000000000000e+00    -6.734799628480181e-02
3.330000000000000e+00    -6.672419446934202e-02
3.340000000000000e+00    -6.610572944526923e-02
3.350000000000000e+00    -6.549256401158654e-02
3.360000000000000e+00    -6.488466105950659e-02
3.370000000000000e+00    -6.428198357603453e-02
3.380000000000000e+00    -6.368449464745285e-02
3.390000000000000e+00    -6.309215746270923e-02
3.400000000000000e+00    -6.250493531670927e-02
3.410000000000000e+00    -6.192279161351559e-02
3.420000000000000e+00    -6.134568986945459e-02
3.430000000000000e+00    -6.077359371613244e-02
3.440000000000000e+00    -6.020646690336207e-02
3.450000000000000e+00    -5.964427330200246e-02
3.460000000000000e+00    -5.908697690671157e-02
3.470000000000000e+00    -5.853454183861465e-02
3.480000000000000e+00    -5.798693234788891e-02
3.490000000000000e+00    -5.744411281626672e-02
3.500000000000000e+00    -5.690604775945788e-02
3.510000000000000e+00    -5.637270182949324e-02
3.520000000000000e+00    -5.584403981699027e-02
3.530000000000000e+00    -5.532002665334244e-02
3.540000000000000e+00    -5.480062741283370e-02
3.550000000000000e+00    -5.428580731467922e-02
3.560000000000000e+00    -5.377553172499400e-02
3.570000000000000e+00    -5.326976615869049e-02
3.580000000000000e+00    -5.276847628130635e-02
3.590000000000000e+00    -5.227162791076410e-02
3.600000000000000e+00    -5.177918701906367e-02
3.610000000000000e+00    -5.129111973390876e-02
3.620000000000000e+00    -5.080739234026933e-02
3.630000000000000e+00    -5.032797128187978e-02
3.640000000000000e+00    -4.985282316267585e-02
3.650000000000000e+00    -4.938191474817000e-02
3.660000000000000e+00    -4.891521296676753e-02
3.670000000000000e+00    -4.845268491102361e-02
3.680000000000000e+00    -4.799429783884339e-02
3.690000000000000e+00    -4.754001917462524e-02
3.700000000000000e+00    -4.708981651034957e-02
3.710000000000000e+00    -4.664365760661292e-02
3.720000000000000e+00    -4.620151039360970e-02
3.730000000000000e+00    -4.576334297206144e-02
3.740000000000000e+00    -4.532912361409585e-02
3.750000000000000e+00    -4.489882076407588e-02
3.760000000000000e+00    -4.447240303938008e-02
3.770000000000000e+00    -4.404983923113526e-02
3.780000000000000e+00    -4.363109830490278e-02
3.790000000000000e+00    -4.321614940131868e-02
3.800000000000000e+00    -4.280496183668969e-02
3.810000000000000e+00    -4.239750510354509e-02
3.820000000000000e+00    -4.199374887114628e-02
3.830000000000000e+00    -4.159366298595394e-02
3.840000000000000e+00    -4.119721747205480e-02
3.850000000000000e+00    -4.080438253154845e-02
3.860000000000000e+00    -4.041512854489466e-02
3.870000000000000e+00    -4.002942607122301e-02
3.880000000000000e+00    -3.964724584860487e-02
3.890000000000000e+00    -3.926855879428909e-02
3.900000000000000e+00    -3.889333600490205e-02
3.910000000000000e+00    -3.852154875661308e-02
3.920000000000000e+00    -3.815316850526556e-02
3.930000000000000e+00    -3.778816688647536e-02
3.940000000000000e+00    -3.742651571569653e-02
3.950000000000000e+00    -3.706818698825570e-02
3.960000000000000e+00    -3.671315287935546e-02
3.970000000000000e+00    -3.636138574404801e-02
3.980000000000000e+00    -3.601285811717907e-02
3.990000000000000e+00    -3.566754271330361e-02
4.000000000000000e+00    -3.532541242657364e-02
4.010000000000001e+00    -3.498644033059877e-02
4.020000000000000e+00    -3.465059967828019e-02
4.030000000000000e+00    -3.431786390161926e-02
4.040000000000000e+00    -3.398820661150074e-02
4.050000000000001e+00    -3.366160159745180e-02
4.060000000000000e+00    -3.333802282737705e-02
4.070000000000000e+00    -3.301744444727031e-02
4.080000000000000e+00    -3.269984078090441e-02
4.090000000000000e+00    -3.238518632949847e-02
4.100000000000001e+00    -3.207345577136404e-02
4.110000000000000e+00    -3.176462396153110e-02
4.120000000000000e+00    -3.145866593135303e-02
4.130000000000000e+00    -3.115555688809264e-02
4.140000000000001e+00    -3.085527221448916e-02
4.150000000000000e+00    -3.055778746830658e-02
4.160000000000000e+00    -3.026307838186426e-02
4.170000000000000e+00    -2.997112086155010e-02
4.180000000000001e+00    -2.968189098731694e-02
4.190000000000000e+00    -2.939536501216271e-02
4.200000000000000e+00    -2.911151936159445e-02
4.210000000000000e+00    -2.883033063307731e-02
4.220000000000001e+00    -2.855177559546860e-02
4.230000000000000e+00    -2.827583118843752e-02
4.240000000000000e+00    -2.800247452187076e-02
4.250000000000000e+00    -2.773168287526496e-02
4.260000000000001e+00    -2.746343369710593e-02
4.270000000000000e+00    -2.719770460423552e-02
4.280000000000000e+00    -2.693447338120604e-02
4.290000000000000e+00    -2.667371797962333e-02
4.300000000000001e+00    -2.641541651747825e-02
4.310000000000000e+00    -2.615954727846742e-02
4.320000000000000e+00    -2.590608871130341e-02
4.330000000000000e+00    -2.565501942901480e-02
4.340000000000000e+00    -2.540631820823657e-02
4.350000000000001e+00    -2.515996398849104e-02
4.360000000000000e+00    -2.491593587146002e-02
4.370000000000000e+00    -2.467421312024793e-02
4.380000000000000e+00    -2.443477515863710e-02
4.390000000000001e+00    -2.419760157033480e-02
4.400000000000000e+00    -2.396267209821281e-02
4.410000000000000e+00    -2.372996664353967e-02
4.420000000000000e+00    -2.349946526520593e-02
4.430000000000001e+00    -2.327114817894284e-02
4.440000000000000e+00    -2.304499575653474e-02
4.450000000000000e+00    -2.282098852502519e-02
4.460000000000000e+00    -2.259910716591759e-02
4.470000000000001e+00    -2.237933251437026e-02
4.480000000000000e+00    -2.216164555838650e-02
4.490000000000000e+00    -2.194602743799930e-02
4.500000000000000e+00    -2.173245944445203e-02
4.510000000000001e+00    -2.152092301937440e-02
4.520000000000000e+00    -2.131139975395433e-02
4.530000000000000e+00    -2.110387138810606e-02
4.540000000000000e+00    -2.089831980963474e-02
4.550000000000001e+00    -2.069472705339727e-02
4.560000000000000e+00    -2.049307530046060e-02
4.570000000000000e+00    -2.029334687725650e-02
4.580000000000000e+00    -2.009552425473420e-02
4.590000000000001e+00    -1.989959004751011e-02
4.600000000000001e+00    -1.970552701301561e-02
4.610000000000000e+00    -1.951331805064268e-02
4.620000000000000e+00    -1.932294620088765e-02
4.630000000000000e+00    -1.913439464449334e-02
4.640000000000001e+00    -1.894764670158985e-02
4.650000000000000e+00    -1.876268583083397e-02
4.660000000000000e+00    -1.857949562854752e-02
4.670000000000000e+00    -1.839805982785485e-02
4.680000000000001e+00    -1.821836229781963e-02
4.690000000000000e+00    -1.804038704258104e-02
4.700000000000000e+00    -1.786411820048956e-02
4.710000000000000e+00    -1.768954004324261e-02
4.720000000000001e+00    -1.751663697502004e-02
4.730000000000000e+00    -1.734539353161989e-02
4.740000000000000e+00    -1.717579437959403e-02
4.750000000000000e+00    -1.700782431538461e-02
4.760000000000001e+00    -1.684146826446068e-02
4.770000000000000e+00    -1.667671128045577e-02
4.780000000000000e+00    -1.651353854430597e-02
4.790000000000000e+00    -1.635193536338916e-02
4.800000000000001e+00    -1.619188717066525e-02
4.810000000000000e+00    -1.603337952381754e-02
4.820000000000000e+00    -1.587639810439535e-02
4.830000000000000e+00    -1.572092871695819e-02
4.840000000000001e+00    -1.556695728822137e-02
4.850000000000001e+00    -1.541446986620327e-02
4.860000000000000e+00    -1.526345261937430e-02
4.870000000000000e+00    -1.511389183580779e-02
4.880000000000000e+00    -1.496577392233280e-02
4.890000000000001e+00    -1.481908540368889e-02
4.900000000000000e+00    -1.467381292168325e-02
4.910000000000000e+00    -1.452994323434973e-02
4.920000000000000e+00    -1.438746321511052e-02
4.930000000000001e+00    -1.424635985194002e-02
4.940000000000000e+00    -1.410662024653128e-02
4.950000000000000e+00    -1.396823161346500e-02
4.960000000000000e+00    -1.383118127938119e-02
4.970000000000001e+00    -1.369545668215350e-02
4.980000000000000e+00    -1.356104537006645e-02
4.990000000000000e+00    -1.342793500099541e-02
5.000000000000000e+00    -1.329611334158956e-02
5.010000000000001e+00    -1.316556826645790e-02
5.020000000000000e+00    -1.303628775735828e-02
5.030000000000000e+00    -1.290825990238948e-02
5.040000000000000e+00    -1.278147289518672e-02
5.050000000000001e+00    -1.265591503412000e-02
5.060000000000000e+00    -1.253157472149621e-02
5.070000000000000e+00    -1.240844046276428e-02
5.080000000000000e+00    -1.228650086572372e-02
5.090000000000001e+00    -1.216574463973680e-02
5.100000000000001e+00    -1.204616059494418e-02
5.110000000000000e+00    -1.192773764148383e-02
5.120000000000000e+00    -1.181046478871388e-02
5.130000000000000e+00    -1.169433114443889e-02
5.140000000000001e+00    -1.157932591413987e-02
5.150000000000000e+00    -1.146543840020795e-02
5.160000000000000e+00    -1.135265800118174e-02
5.170000000000000e+00    -1.124097421098864e-02
5.180000000000001e+00    -1.113037661818979e-02
5.190000000000000e+00    -1.102085490522888e-02
5.200000000000000e+00    -1.091239884768493e-02
5.210000000000000e+00    -1.080499831352882e-02
5.220000000000001e+00    -1.069864326238385e-02
5.230000000000000e+00    -1.059332374479023e-02
5.240000000000000e+00    -1.048902990147347e-02
5.250000000000000e+00    -1.038575196261684e-02
5.260000000000001e+00    -1.028348024713784e-02
5.270000000000000e+00    -1.018220516196865e-02
5.280000000000000e+00    -1.008191720134067e-02
5.290000000000000e+00    -9.982606946073157e-03
5.300000000000001e+00    -9.884265062865874e-03
5.310000000000000e+00    -9.786882303595945e-03
5.320000000000000e+00    -9.690449504618701e-03
5.330000000000000e+00    -9.594957586072764e-03
5.340000000000001e+00    -9.500397551189204e-03
5.350000000000001e+00    -9.406760485604912e-03
5.360000000000000e+00    -9.314037556680024e-03
5.370000000000000e+00    -9.222220012819639e-03
5.380000000000000e+00    -9.131299182799637e-03
5.390000000000001e+00    -9.041266475096675e-03
5.400000000000000e+00    -8.952113377222464e-03
5.410000000000000e+00    -8.863831455062088e-03
5.420000000000000e+00    -8.776412352216656e-03
5.430000000000001e+00    -8.689847789350072e-03
5.440000000000000e+00    -8.604129563540088e-03
5.450000000000000e+00    -8.519249547633449e-03
5.460000000000000e+00    -8.435199689605339e-03
5.470000000000001e+00    -8.351972011922986e-03
5.480000000000000e+00    -8.269558610913495e-03
5.490000000000000e+00    -8.187951656135836e-03
5.500000000000000e+00    -8.107143389757088e-03
5.510000000000001e+00    -8.027126125932843e-03
5.520000000000000e+00    -7.947892250191825e-03
5.530000000000000e+00    -7.869434218824656e-03
5.540000000000000e+00    -7.791744558276848e-03
5.550000000000001e+00    -7.714815864545948e-03
5.560000000000000e+00    -7.638640802582879e-03
5.570000000000000e+00    -7.563212105697418e-03
5.580000000000000e+00    -7.488522574967788e-03
5.590000000000001e+00    -7.414565078654505e-03
5.600000000000001e+00    -7.341332551618326e-03
5.610000000000000e+00    -7.268817994742204e-03
5.620000000000000e+00    -7.197014474357551e-03
5.630000000000000e+00    -7.125915121674524e-03
5.640000000000001e+00    -7.055513132216341e-03
5.650000000000000e+00    -6.985801765257855e-03
5.660000000000000e+00    -6.916774343268012e-03
5.670000000000000e+00    -6.848424251356546e-03
5.680000000000001e+00    -6.780744936724598e-03
5.690000000000000e+00    -6.713729908119440e-03
5.700000000000000e+00    -6.647372735293241e-03
5.710000000000000e+00    -6.581667048465780e-03
5.720000000000001e+00    -6.516606537791189e-03
5.730000000000000e+00    -6.452184952828765e-03
5.740000000000000e+00    -6.388396102017587e-03
5.750000000000000e+00    -6.325233852155232e-03
5.760000000000001e+00    -6.262692127880360e-03
5.770000000000000e+00    -6.200764911159271e-03
5.780000000000000e+00    -6.139446240776308e-03
5.790000000000000e+00    -6.078730211828222e-03
5.800000000000001e+00    -6.018610975222362e-03
5.810000000000000e+00    -5.959082737178783e-03
5.820000000000000e+00    -5.900139758736124e-03
5.830000000000000e+00    -5.841776355261369e-03
5.840000000000001e+00    -5.783986895963399e-03
5.850000000000001e+00    -5.726765803410365e-03
5.860000000000000e+00    -5.670107553050763e-03
5.870000000000000e+00    -5.614006672738348e-03
5.880000000000000e+00    -5.558457742260739e-03
5.890000000000001e+00    -5.503455392871756e-03
5.900000000000000e+00    -5.448994306827476e-03
5.910000000000000e+00    -5.395069216925933e-03
5.920000000000000e+00    -5.341674906050515e-03
5.930000000000001e+00    -5.288806206717007e-03
5.940000000000000e+00    -5.236458000624251e-03
5.950000000000000e+00    -5.184625218208398e-03
5.960000000000000e+00    -5.133302838200779e-03
5.970000000000001e+00    -5.082485887189324e-03
5.980000000000000e+00    -5.032169439183559e-03
5.990000000000000e+00    -4.982348615183066e-03
6.000000000000000e+00    -4.933018582749537e-03
6.010000000000001e+00    -4.884174555582254e-03
6.020000000000000e+00    -4.835811793097083e-03
6.030000000000000e+00    -4.787925600008879e-03
6.040000000000000e+00    -4.740511325917348e-03
6.050000000000001e+00    -4.693564364896311e-03
6.060000000000000e+00    -4.647080155086361e-03
6.070000000000000e+00    -4.601054178290872e-03
6.080000000000000e+00    -4.555481959575380e-03
6.090000000000001e+00    -4.510359066870278e-03
6.100000000000001e+00    -4.465681110576842e-03
6.110000000000000e+00    -4.421443743176484e-03
6.120000000000000e+00    -4.377642658843349e-03
6.130000000000000e+00    -4.334273593060128e-03
6.140000000000001e+00    -4.291332322237044e-03
6.150000000000000e+00    -4.248814663334155e-03
6.160000000000000e+00    -4.206716473486746e-03
6.170000000000000e+00    -4.165033649633895e-03
6.180000000000001e+00    -4.123762128150248e-03
6.190000000000000e+00    -4.082897884480848e-03
6.200000000000000e+00    -4.042436932779110e-03
6.210000000000000e+00    -4.002375325547837e-03
6.220000000000001e+00    -3.962709153283319e-03
6.230000000000000e+00    -3.923434544122523e-03
6.240000000000000e+00    -3.884547663493184e-03
6.250000000000000e+00    -3.846044713766998e-03
6.260000000000001e+00    -3.807921933915774e-03
6.270000000000000e+00    -3.770175599170512e-03
6.280000000000000e+00    -3.732802020683435e-03
6.290000000000000e+00    -3.695797545192954e-03
6.300000000000001e+00    -3.659158554691504e-03
6.310000000000000e+00    -3.622881466096293e-03
6.320000000000000e+00    -3.586962730922853e-03
6.330000000000000e+00    -3.551398834961485e-03
6.340000000000001e+00    -3.516186297956475e-03
6.350000000000001e+00    -3.481321673288145e-03
6.360000000000000e+00    -3.446801547657634e-03
6.370000000000000e+00    -3.412622540774478e-03
6.380000000000001e+00    -3.378781305046890e-03
6.390000000000001e+00    -3.345274525274800e-03
6.400000000000000e+00    -3.312098918345530e-03
6.410000000000000e+00    -3.279251232932193e-03
6.420000000000000e+00    -3.246728249194736e-03
6.430000000000001e+00    -3.214526778483601e-03
6.440000000000000e+00    -3.182643663046038e-03
6.450000000000000e+00    -3.151075775734976e-03
6.460000000000000e+00    -3.119820019720497e-03
6.470000000000001e+00    -3.088873328203848e-03
6.480000000000000e+00    -3.058232664134032e-03
6.490000000000000e+00    -3.027895019926860e-03
6.500000000000000e+00    -2.997857417186551e-03
6.510000000000001e+00    -2.968116906429783e-03
6.520000000000000e+00    -2.938670566812242e-03
6.530000000000000e+00    -2.909515505857556e-03
6.540000000000000e+00    -2.880648859188717e-03
6.550000000000001e+00    -2.852067790261857e-03
6.560000000000000e+00    -2.823769490102452e-03
6.570000000000000e+00    -2.795751177043858e-03
6.580000000000000e+00    -2.768010096468218e-03
6.590000000000001e+00    -2.740543520549691e-03
6.600000000000001e+00    -2.713348748000010e-03
6.610000000000000e+00    -2.686423103816303e-03
6.620000000000000e+00    -2.659763939031215e-03
6.630000000000001e+00    -2.633368630465284e-03
6.640000000000001e+00    -2.607234580481550e-03
6.650000000000000e+00    -2.581359216742390e-03
6.660000000000000e+00    -2.555739991968562e-03
6.670000000000000e+00    -2.530374383700418e-03
6.680000000000001e+00    -2.505259894061300e-03
6.690000000000000e+00    -2.480394049523119e-03
6.700000000000000e+00    -2.455774400673972e-03
6.710000000000000e+00    -2.431398521987993e-03
6.720000000000001e+00    -2.407264011597209e-03
6.730000000000000e+00    -2.383368491065554e-03
6.740000000000000e+00    -2.359709605164877e-03
6.750000000000000e+00    -2.336285021653043e-03
6.760000000000001e+00    -2.313092431054063e-03
6.770000000000000e+00    -2.290129546440227e-03
6.780000000000000e+00    -2.267394103216218e-03
6.790000000000000e+00    -2.244883858905254e-03
6.800000000000001e+00    -2.222596592937149e-03
6.810000000000000e+00    -2.200530106438349e-03
6.820000000000000e+00    -2.178682222023886e-03
6.830000000000000e+00    -2.157050783591257e-03
6.840000000000001e+00    -2.135633656116197e-03
6.850000000000001e+00    -2.114428725450350e-03
6.860000000000000e+00    -2.093433898120776e-03
6.870000000000000e+00    -2.072647101131352e-03
6.880000000000001e+00    -2.052066281765973e-03
6.890000000000001e+00    -2.031689407393604e-03
6.900000000000000e+00    -2.011514465275113e-03
6.910000000000000e+00    -1.991539462371907e-03
6.920000000000000e+00    -1.971762425156352e-03
6.930000000000001e+00    -1.952181399423925e-03
6.940000000000000e+00    -1.932794450107150e-03
6.950000000000000e+00    -1.913599661091220e-03
6.960000000000000e+00    -1.894595135031373e-03
6.970000000000001e+00    -1.875778993171946e-03
6.980000000000000e+00    -1.857149375167125e-03
6.990000000000000e+00    -1.838704438903357e-03
7.000000000000000e+00    -1.820442360323430e-03
7.010000000000001e+00    -1.802361333252181e-03
7.020000000000000e+00    -1.784459569223860e-03
7.030000000000000e+00    -1.766735297311068e-03
7.040000000000000e+00    -1.749186763955328e-03
7.050000000000001e+00    -1.731812232799229e-03
7.060000000000000e+00    -1.714609984520151e-03
7.070000000000000e+00    -1.697578316665529e-03
7.080000000000000e+00    -1.680715543489683e-03
7.090000000000001e+00    -1.664019995792174e-03
7.100000000000001e+00    -1.647490020757672e-03
7.110000000000000e+00    -1.631123981797331e-03
7.120000000000000e+00    -1.614920258391662e-03
7.130000000000001e+00    -1.598877245934876e-03
7.140000000000001e+00    -1.582993355580700e-03
7.150000000000000e+00    -1.567267014089632e-03
7.160000000000000e+00    -1.551696663677660e-03
7.170000000000000e+00    -1.536280761866375e-03
7.180000000000001e+00    -1.521017781334526e-03
7.190000000000000e+00    -1.505906209770976e-03
7.200000000000000e+00    -1.490944549729011e-03
7.210000000000000e+00    -1.476131318482078e-03
7.220000000000001e+00    -1.461465047880849e-03
7.230000000000000e+00    -1.446944284211654e-03
7.240000000000000e+00    -1.432567588056248e-03
7.250000000000000e+00    -1.418333534152910e-03
7.260000000000001e+00    -1.404240711258854e-03
7.270000000000000e+00    -1.390287722013959e-03
7.280000000000000e+00    -1.376473182805761e-03
7.290000000000000e+00    -1.362795723635766e-03
7.300000000000001e+00    -1.349253987986992e-03
7.310000000000000e+00    -1.335846632692806e-03
7.320000000000000e+00    -1.322572327806986e-03
7.330000000000000e+00    -1.309429756475018e-03
7.340000000000001e+00    -1.296417614806629e-03
7.350000000000001e+00    -1.283534611749528e-03
7.360000000000000e+00    -1.270779468964349e-03
7.370000000000000e+00    -1.258150920700779e-03
7.380000000000001e+00    -1.245647713674882e-03
7.390000000000001e+00    -1.233268606947582e-03
7.400000000000000e+00    -1.221012371804302e-03
7.410000000000000e+00    -1.208877791635762e-03
7.420000000000000e+00    -1.196863661819909e-03
7.430000000000001e+00    -1.184968789604977e-03
7.440000000000000e+00    -1.173191993993663e-03
7.450000000000000e+00    -1.161532105628409e-03
7.460000000000000e+00    -1.149987966677792e-03
7.470000000000001e+00    -1.138558430723976e-03
7.480000000000000e+00    -1.127242362651280e-03
7.490000000000000e+00    -1.116038638535770e-03
7.500000000000000e+00    -1.104946145535941e-03
7.510000000000001e+00    -1.093963781784433e-03
7.520000000000000e+00    -1.083090456280791e-03
7.530000000000000e+00    -1.072325088785243e-03
7.540000000000000e+00    -1.061666609713507e-03
7.550000000000001e+00    -1.051113960032613e-03
7.560000000000000e+00    -1.040666091157704e-03
7.570000000000000e+00    -1.030321964849853e-03
7.580000000000000e+00    -1.020080553114845e-03
7.590000000000001e+00    -1.009940838102936e-03
7.600000000000001e+00    -9.999018120095842e-04
7.610000000000000e+00    -9.899624769771256e-04
7.620000000000000e+00    -9.801218449973983e-04
7.630000000000001e+00    -9.703789378153070e-04
7.640000000000001e+00    -9.607327868333176e-04
7.650000000000000e+00    -9.511824330168635e-04
7.660000000000000e+00    -9.417269268006716e-04
7.670000000000000e+00    -9.323653279959885e-04
7.680000000000001e+00    -9.230967056987009e-04
7.690000000000000e+00    -9.139201381983433e-04
7.700000000000000e+00    -9.048347128879812e-04
7.710000000000000e+00    -8.958395261749656e-04
7.720000000000001e+00    -8.869336833925536e-04
7.730000000000000e+00    -8.781162987123712e-04
7.740000000000000e+00    -8.693864950577334e-04
7.750000000000000e+00    -8.607434040177993e-04
7.760000000000001e+00    -8.521861657625471e-04
7.770000000000000e+00    -8.437139289585878e-04
7.780000000000000e+00    -8.353258506857823e-04
7.790000000000000e+00    -8.270210963546608e-04
7.800000000000001e+00    -8.187988396246580e-04
7.810000000000000e+00    -8.106582623231233e-04
7.820000000000000e+00    -8.025985543651258e-04
7.830000000000000e+00    -7.946189136740291e-04
7.840000000000001e+00    -7.867185461028366e-04
7.850000000000001e+00    -7.788966653563113e-04
7.860000000000000e+00    -7.711524929138288e-04
7.870000000000000e+00    -7.634852579529937e-04
7.880000000000001e+00    -7.558941972739966e-04
7.890000000000001e+00    -7.483785552246992e-04
7.900000000000000e+00    -7.409375836264462e-04
7.910000000000000e+00    -7.335705417006031e-04
7.920000000000000e+00    -7.262766959958022e-04
7.930000000000001e+00    -7.190553203158975e-04
7.940000000000000e+00    -7.119056956486201e-04
7.950000000000000e+00    -7.048271100949222e-04
7.960000000000000e+00    -6.978188587990145e-04
7.970000000000001e+00    -6.908802438790776e-04
7.980000000000000e+00    -6.840105743586533e-04
7.990000000000000e+00    -6.772091660986955e-04
8.000000000000000e+00    -6.704753417302886e-04
8.010000000000000e+00    -6.638084305880141e-04
8.020000000000000e+00    -6.572077686439835e-04
8.030000000000001e+00    -6.506726984424844e-04
8.040000000000001e+00    -6.442025690352866e-04
8.050000000000001e+00    -6.377967359175639e-04
8.060000000000000e+00    -6.314545609644514e-04
8.070000000000000e+00    -6.251754123682126e-04
8.080000000000000e+00    -6.189586645760237e-04
8.090000000000000e+00    -6.128036982283620e-04
8.100000000000000e+00    -6.067099000979946e-04
8.110000000000001e+00    -6.006766630295630e-04
8.120000000000001e+00    -5.947033858797605e-04
8.130000000000001e+00    -5.887894734580832e-04
8.140000000000001e+00    -5.829343364681702e-04
8.150000000000000e+00    -5.771373914497093e-04
8.160000000000000e+00    -5.713980607209141e-04
8.170000000000000e+00    -5.657157723215581e-04
8.180000000000000e+00    -5.600899599565694e-04
8.190000000000000e+00    -5.545200629401740e-04
8.200000000000001e+00    -5.490055261405841e-04
8.210000000000001e+00    -5.435457999252317e-04
8.220000000000001e+00    -5.381403401065285e-04
8.230000000000000e+00    -5.327886078881645e-04
8.240000000000000e+00    -5.274900698119268e-04
8.250000000000000e+00    -5.222441977050402e-04
8.260000000000000e+00    -5.170504686280232e-04
8.270000000000000e+00    -5.119083648230520e-04
8.280000000000001e+00    -5.068173736628297e-04
8.290000000000001e+00    -5.017769875999613e-04
8.300000000000001e+00    -4.967867041168146e-04
8.310000000000000e+00    -4.918460256758792e-04
8.320000000000000e+00    -4.869544596706101e-04
8.330000000000000e+00    -4.821115183767500e-04
8.340000000000000e+00    -4.773167189041315e-04
8.350000000000000e+00    -4.725695831489488e-04
8.360000000000001e+00    -4.678696377464974e-04
8.370000000000001e+00    -4.632164140243815e-04
8.380000000000001e+00    -4.586094479561697e-04
8.390000000000001e+00    -4.540482801155152e-04
8.400000000000000e+00    -4.495324556307207e-04
8.410000000000000e+00    -4.450615241397487e-04
8.420000000000000e+00    -4.406350397456751e-04
8.430000000000000e+00    -4.362525609725769e-04
8.440000000000000e+00    -4.319136507218553e-04
8.450000000000001e+00    -4.276178762289844e-04
8.460000000000001e+00    -4.233648090206886e-04
8.470000000000001e+00    -4.191540248725333e-04
8.480000000000000e+00    -4.149851037669386e-04
8.490000000000000e+00    -4.108576298516011e-04
8.500000000000000e+00    -4.067711913983256e-04
8.510000000000000e+00    -4.027253807622603e-04
8.520000000000000e+00    -3.987197943415315e-04
8.530000000000001e+00    -3.947540325372761e-04
8.540000000000001e+00    -3.908276997140680e-04
8.550000000000001e+00    -3.869404041607275e-04
8.560000000000000e+00    -3.830917580515218e-04
8.570000000000000e+00    -3.792813774077439e-04
8.580000000000000e+00    -3.755088820596704e-04
8.590000000000000e+00    -3.717738956088905e-04
8.600000000000000e+00    -3.680760453910093e-04
8.610000000000001e+00    -3.644149624387132e-04
8.620000000000001e+00    -3.607902814452037e-04
8.630000000000001e+00    -3.572016407279845e-04
8.640000000000001e+00    -3.536486821930102e-04
8.650000000000000e+00    -3.501310512991841e-04
8.660000000000000e+00    -3.466483970232078e-04
8.670000000000000e+00    -3.432003718247745e-04
8.680000000000000e+00    -3.397866316121054e-04
8.690000000000000e+00    -3.364068357078254e-04
8.700000000000001e+00    -3.330606468151745e-04
8.710000000000001e+00    -3.297477309845536e-04
8.720000000000001e+00    -3.264677575803939e-04
8.730000000000000e+00    -3.232203992483593e-04
8.740000000000000e+00    -3.200053318828684e-04
8.750000000000000e+00    -3.168222345949349e-04
8.760000000000000e+00    -3.136707896803281e-04
8.770000000000000e+00    -3.105506825880448e-04
8.780000000000001e+00    -3.074616018890901e-04
8.790000000000001e+00    -3.044032392455723e-04
8.800000000000001e+00    -3.013752893800921e-04
8.810000000000000e+00    -2.983774500454431e-04
8.820000000000000e+00    -2.954094219946047e-04
8.830000000000000e+00    -2.924709089510331e-04
8.840000000000000e+00    -2.895616175792453e-04
8.850000000000000e+00    -2.866812574556910e-04
8.860000000000001e+00    -2.838295410399143e-04
8.870000000000001e+00    -2.810061836459987e-04
8.880000000000001e+00    -2.782109034142918e-04
8.890000000000001e+00    -2.754434212834106e-04
8.900000000000000e+00    -2.727034609625236e-04
8.910000000000000e+00    -2.699907489039047e-04
8.920000000000000e+00    -2.673050142757571e-04
8.930000000000000e+00    -2.646459889353087e-04
8.940000000000001e+00    -2.620134074021678e-04
8.950000000000001e+00    -2.594070068319477e-04
8.960000000000001e+00    -2.568265269901450e-04
8.970000000000001e+00    -2.542717102262810e-04
8.980000000000000e+00    -2.517423014482951e-04
8.990000000000000e+00    -2.492380480971927e-04
9.000000000000000e+00    -2.467587001219416e-04
9.010000000000000e+00    -2.443040099546185e-04
9.020000000000000e+00    -2.418737324857980e-04
9.030000000000001e+00    -2.394676250401866e-04
9.040000000000001e+00    -2.370854473524972e-04
9.050000000000001e+00    -2.347269615435602e-04
9.060000000000000e+00    -2.323919320966720e-04
9.070000000000000e+00    -2.300801258341765e-04
9.080000000000000e+00    -2.277913118942780e-04
9.090000000000000e+00    -2.255252617080833e-04
9.100000000000000e+00    -2.232817489768694e-04
9.110000000000001e+00    -2.210605496495770e-04
9.120000000000001e+00    -2.188614419005274e-04
9.130000000000001e+00    -2.166842061073557e-04
9.140000000000001e+00    -2.145286248291655e-04
9.150000000000000e+00    -2.123944827848988e-04
9.160000000000000e+00    -2.102815668319182e-04
9.170000000000000e+00    -2.081896659448026e-04
9.180000000000000e+00    -2.061185711943512e-04
9.190000000000001e+00    -2.040680757267946e-04
9.200000000000001e+00    -2.020379747432144e-04
9.210000000000001e+00    -2.000280654791615e-04
9.220000000000001e+00    -1.980381471844793e-04
9.230000000000000e+00    -1.960680211033258e-04
9.240000000000000e+00    -1.941174904543925e-04
9.250000000000000e+00    -1.921863604113192e-04
9.260000000000000e+00    -1.902744380833025e-04
9.270000000000000e+00    -1.883815324958959e-04
9.280000000000001e+00    -1.865074545720002e-04
9.290000000000001e+00    -1.846520171130417e-04
9.300000000000001e+00    -1.828150347803359e-04
9.310000000000000e+00    -1.809963240766361e-04
9.320000000000000e+00    -1.791957033278648e-04
9.330000000000000e+00    -1.774129926650256e-04
9.340000000000000e+00    -1.756480140062934e-04
9.350000000000000e+00    -1.739005910392832e-04
9.360000000000001e+00    -1.721705492034919e-04
9.370000000000001e+00    -1.704577156729177e-04
9.380000000000001e+00    -1.687619193388468e-04
9.390000000000001e+00    -1.670829907928138e-04
9.400000000000000e+00    -1.654207623097302e-04
9.410000000000000e+00    -1.637750678311783e-04
9.420000000000000e+00    -1.621457429488725e-04
9.430000000000000e+00    -1.605326248882827e-04
9.440000000000001e+00    -1.589355524924201e-04
9.450000000000001e+00    -1.573543662057856e-04
9.460000000000001e+00    -1.557889080584726e-04
9.470000000000001e+00    -1.542390216504318e-04
9.480000000000000e+00    -1.527045521358893e-04
9.490000000000000e+00    -1.511853462079194e-04
9.500000000000000e+00    -1.496812520831705e-04
9.510000000000000e+00    -1.481921194867419e-04
9.520000000000000e+00    -1.467177996372103e-04
9.530000000000001e+00    -1.452581452318049e-04
9.540000000000001e+00    -1.438130104317298e-04
9.550000000000001e+00    -1.423822508476297e-04
9.560000000000000e+00    -1.409657235252020e-04
9.570000000000000e+00    -1.395632869309500e-04
9.580000000000000e+00    -1.381748009380778e-04
9.590000000000000e+00    -1.368001268125245e-04
9.600000000000000e+00    -1.354391271991369e-04
9.610000000000001e+00    -1.340916661079793e-04
9.620000000000001e+00    -1.327576089007791e-04
9.630000000000001e+00    -1.314368222775061e-04
9.640000000000001e+00    -1.301291742630847e-04
9.650000000000000e+00    -1.288345341942390e-04
9.660000000000000e+00    -1.275527727064669e-04
9.670000000000000e+00    -1.262837617211439e-04
9.680000000000000e+00    -1.250273744327542e-04
9.690000000000001e+00    -1.237834852962489e-04
9.700000000000001e+00    -1.225519700145303e-04
9.710000000000001e+00    -1.213327055260571e-04
9.720000000000001e+00    -1.201255699925761e-04
9.730000000000000e+00    -1.189304427869735e-04
9.740000000000000e+00    -1.177472044812471e-04
9.750000000000000e+00    -1.165757368345975e-04
9.760000000000000e+00    -1.154159227816380e-04
9.770000000000000e+00    -1.142676464207200e-04
9.780000000000001e+00    -1.131307930023760e-04
9.790000000000001e+00    -1.120052489178758e-04
9.800000000000001e+00    -1.108909016878961e-04
9.810000000000000e+00    -1.097876399513036e-04
9.820000000000000e+00    -1.086953534540482e-04
9.830000000000000e+00    -1.076139330381665e-04
9.840000000000000e+00    -1.065432706308954e-04
9.850000000000000e+00    -1.054832592338914e-04
9.860000000000001e+00    -1.044337929125595e-04
9.870000000000001e+00    -1.033947667854864e-04
9.880000000000001e+00    -1.023660770139778e-04
9.890000000000001e+00    -1.013476207917011e-04
9.900000000000000e+00    -1.003392963344300e-04
9.910000000000000e+00    -9.934100286989094e-05
9.920000000000000e+00    -9.835264062770976e-05
9.930000000000000e+00    -9.737411082945898e-05
9.940000000000001e+00    -9.640531567880286e-05
9.950000000000001e+00    -9.544615835174153e-05
9.960000000000001e+00    -9.449654298694979e-05
9.970000000000001e+00    -9.355637467621377e-05
9.980000000000000e+00    -9.262555945496163e-05
9.990000000000000e+00    -9.170400429288799e-05
1.000000000000000e+01    -9.079161708467175e-05
