-1.000000000000000e+01    -6.120438988642764e-07
-9.990000000000000e+00    -6.181902457692919e-07
-9.980000000000000e+00    -6.243984120996733e-07
-9.970000000000001e+00    -6.306690186748993e-07
-9.960000000000001e+00    -6.370026925585042e-07
-9.949999999999999e+00    -6.434000671207360e-07
-9.940000000000000e+00    -6.498617821019345e-07
-9.930000000000000e+00    -6.563884836764616e-07
-9.920000000000000e+00    -6.629808245173720e-07
-9.910000000000000e+00    -6.696394638616250e-07
-9.900000000000000e+00    -6.763650675760371e-07
-9.890000000000001e+00    -6.831583082238813e-07
-9.880000000000001e+00    -6.900198651320982e-07
-9.869999999999999e+00    -6.969504244592849e-07
-9.859999999999999e+00    -7.039506792642505e-07
-9.850000000000000e+00    -7.110213295753821e-07
-9.840000000000000e+00    -7.181630824605850e-07
-9.830000000000000e+00    -7.253766520980549e-07
-9.820000000000000e+00    -7.326627598476325e-07
-9.810000000000000e+00    -7.400221343229722e-07
-9.800000000000001e+00    -7.474555114644173e-07
-9.789999999999999e+00    -7.549636346125447e-07
-9.779999999999999e+00    -7.625472545825533e-07
-9.770000000000000e+00    -7.702071297392957e-07
-9.760000000000000e+00    -7.779440260731630e-07
-9.750000000000000e+00    -7.857587172766263e-07
-9.740000000000000e+00    -7.936519848216671e-07
-9.730000000000000e+00    -8.016246180378721e-07
-9.720000000000001e+00    -8.096774141913799e-07
-9.710000000000001e+00    -8.178111785646431e-07
-9.699999999999999e+00    -8.260267245368895e-07
-9.690000000000000e+00    -8.343248736655230e-07
-9.680000000000000e+00    -8.427064557682254e-07
-9.670000000000000e+00    -8.511723090059906e-07
-9.660000000000000e+00    -8.597232799668776e-07
-9.650000000000000e+00    -8.683602237507353e-07
-9.640000000000001e+00    -8.770840040546562e-07
-9.630000000000001e+00    -8.858954932593595e-07
-9.619999999999999e+00    -8.947955725164716e-07
-9.609999999999999e+00    -9.037851318365564e-07
-9.600000000000000e+00    -9.128650701782060e-07
-9.590000000000000e+00    -9.220362955378562e-07
-9.580000000000000e+00    -9.312997250406549e-07
-9.570000000000000e+00    -9.406562850321016e-07
-9.560000000000000e+00    -9.501069111707560e-07
-9.550000000000001e+00    -9.596525485217400e-07
-9.539999999999999e+00    -9.692941516512644e-07
-9.529999999999999e+00    -9.790326847221119e-07
-9.520000000000000e+00    -9.888691215899975e-07
-9.510000000000000e+00    -9.988044459010146e-07
-9.500000000000000e+00    -1.008839651189932e-06
-9.490000000000000e+00    -1.018975740979617e-06
-9.480000000000000e+00    -1.029213728881305e-06
-9.470000000000001e+00    -1.039554638696050e-06
-9.460000000000001e+00    -1.049999504517024e-06
-9.449999999999999e+00    -1.060549370832954e-06
-9.440000000000000e+00    -1.071205292632599e-06
-9.430000000000000e+00    -1.081968335510188e-06
-9.420000000000000e+00    -1.092839575772047e-06
-9.410000000000000e+00    -1.103820100544142e-06
-9.400000000000000e+00    -1.114911007880893e-06
-9.390000000000001e+00    -1.126113406874865e-06
-9.380000000000001e+00    -1.137428417767787e-06
-9.369999999999999e+00    -1.148857172062485e-06
-9.359999999999999e+00    -1.160400812636055e-06
-9.350000000000000e+00    -1.172060493854202e-06
-9.340000000000000e+00    -1.183837381686583e-06
-9.330000000000000e+00    -1.195732653823497e-06
-9.320000000000000e+00    -1.207747499793549e-06
-9.310000000000000e+00    -1.219883121082716e-06
-9.300000000000001e+00    -1.232140731254371e-06
-9.289999999999999e+00    -1.244521556070757e-06
-9.279999999999999e+00    -1.257026833615448e-06
-9.270000000000000e+00    -1.269657814417257e-06
-9.260000000000000e+00    -1.282415761575205e-06
-9.250000000000000e+00    -1.295301950884859e-06
-9.240000000000000e+00    -1.308317670965949e-06
-9.230000000000000e+00    -1.321464223391135e-06
-9.220000000000001e+00    -1.334742922816267e-06
-9.210000000000001e+00    -1.348155097111750e-06
-9.199999999999999e+00    -1.361702087495419e-06
-9.190000000000000e+00    -1.375385248666562e-06
-9.180000000000000e+00    -1.389205948941490e-06
-9.170000000000000e+00    -1.403165570390266e-06
-9.160000000000000e+00    -1.417265508974967e-06
-9.150000000000000e+00    -1.431507174689295e-06
-9.140000000000001e+00    -1.445891991699490e-06
-9.130000000000001e+00    -1.460421398486849e-06
-9.119999999999999e+00    -1.475096847991466e-06
-9.109999999999999e+00    -1.489919807757619e-06
-9.100000000000000e+00    -1.504891760080427e-06
-9.090000000000000e+00    -1.520014202154177e-06
-9.080000000000000e+00    -1.535288646221934e-06
-9.070000000000000e+00    -1.550716619726824e-06
-9.060000000000000e+00    -1.566299665464798e-06
-9.050000000000001e+00    -1.582039341738814e-06
-9.039999999999999e+00    -1.597937222514778e-06
-9.029999999999999e+00    -1.613994897578819e-06
-9.020000000000000e+00    -1.630213972696381e-06
-9.010000000000000e+00    -1.646596069772673e-06
-9.000000000000000e+00    -1.663142827014987e-06
-8.990000000000000e+00    -1.679855899096384e-06
-8.980000000000000e+00    -1.696736957321225e-06
-8.970000000000001e+00    -1.713787689792333e-06
-8.960000000000001e+00    -1.731009801579679e-06
-8.949999999999999e+00    -1.748405014891034e-06
-8.940000000000000e+00    -1.765975069244030e-06
-8.930000000000000e+00    -1.783721721640254e-06
-8.920000000000000e+00    -1.801646746740799e-06
-8.910000000000000e+00    -1.819751937043867e-06
-8.900000000000000e+00    -1.838039103063891e-06
-8.890000000000001e+00    -1.856510073512619e-06
-8.880000000000001e+00    -1.875166695482062e-06
-8.869999999999999e+00    -1.894010834629036e-06
-8.859999999999999e+00    -1.913044375361881e-06
-8.850000000000000e+00    -1.932269221028762e-06
-8.840000000000000e+00    -1.951687294108124e-06
-8.830000000000000e+00    -1.971300536400790e-06
-8.820000000000000e+00    -1.991110909224288e-06
-8.810000000000000e+00    -2.011120393608845e-06
-8.800000000000001e+00    -2.031330990495521e-06
-8.789999999999999e+00    -2.051744720936387e-06
-8.779999999999999e+00    -2.072363626296439e-06
-8.770000000000000e+00    -2.093189768457930e-06
-8.760000000000000e+00    -2.114225230026364e-06
-8.750000000000000e+00    -2.135472114538919e-06
-8.740000000000000e+00    -2.156932546674616e-06
-8.730000000000000e+00    -2.178608672466958e-06
-8.720000000000001e+00    -2.200502659518380e-06
-8.710000000000001e+00    -2.222616697217038e-06
-8.699999999999999e+00    -2.244952996955835e-06
-8.690000000000000e+00    -2.267513792353371e-06
-8.680000000000000e+00    -2.290301339477489e-06
-8.670000000000000e+00    -2.313317917070690e-06
-8.660000000000000e+00    -2.336565826778170e-06
-8.650000000000000e+00    -2.360047393377792e-06
-8.640000000000001e+00    -2.383764965012743e-06
-8.630000000000001e+00    -2.407720913426181e-06
-8.619999999999999e+00    -2.431917634198447e-06
-8.609999999999999e+00    -2.456357546986689e-06
-8.600000000000000e+00    -2.481043095766670e-06
-8.590000000000000e+00    -2.505976749077323e-06
-8.580000000000000e+00    -2.531161000267395e-06
-8.570000000000000e+00    -2.556598367744994e-06
-8.560000000000000e+00    -2.582291395229181e-06
-8.550000000000001e+00    -2.608242652004553e-06
-8.539999999999999e+00    -2.634454733177990e-06
-8.529999999999999e+00    -2.660930259938180e-06
-8.520000000000000e+00    -2.687671879817858e-06
-8.510000000000000e+00    -2.714682266958338e-06
-8.500000000000000e+00    -2.741964122377118e-06
-8.490000000000000e+00    -2.769520174237751e-06
-8.480000000000000e+00    -2.797353178122889e-06
-8.470000000000001e+00    -2.825465917309567e-06
-8.460000000000001e+00    -2.853861203047761e-06
-8.449999999999999e+00    -2.882541874841281e-06
-8.440000000000000e+00    -2.911510800731894e-06
-8.430000000000000e+00    -2.940770877585943e-06
-8.420000000000000e+00    -2.970325031384102e-06
-8.410000000000000e+00    -3.000176217514024e-06
-8.400000000000000e+00    -3.030327421065668e-06
-8.390000000000001e+00    -3.060781657130020e-06
-8.380000000000001e+00    -3.091541971100361e-06
-8.369999999999999e+00    -3.122611438977004e-06
-8.359999999999999e+00    -3.153993167674639e-06
-8.350000000000000e+00    -3.185690295333259e-06
-8.340000000000000e+00    -3.217705991631719e-06
-8.330000000000000e+00    -3.250043458104801e-06
-8.320000000000000e+00    -3.282705928463415e-06
-8.310000000000000e+00    -3.315696668917728e-06
-8.300000000000001e+00    -3.349018978504040e-06
-8.289999999999999e+00    -3.382676189414390e-06
-8.279999999999999e+00    -3.416671667329995e-06
-8.270000000000000e+00    -3.451008811757574e-06
-8.260000000000000e+00    -3.485691056369504e-06
-8.250000000000000e+00    -3.520721869346927e-06
-8.240000000000000e+00    -3.556104753726673e-06
-8.230000000000000e+00    -3.591843247751613e-06
-8.220000000000001e+00    -3.627940925224216e-06
-8.209999999999999e+00    -3.664401395864199e-06
-8.199999999999999e+00    -3.701228305669161e-06
-8.190000000000000e+00    -3.738425337279474e-06
-8.180000000000000e+00    -3.775996210346185e-06
-8.170000000000000e+00    -3.813944681903306e-06
-8.160000000000000e+00    -3.852274546743148e-06
-8.150000000000000e+00    -3.890989637795953e-06
-8.140000000000001e+00    -3.930093826513228e-06
-8.130000000000001e+00    -3.969591023254593e-06
-8.119999999999999e+00    -4.009485177679109e-06
-8.109999999999999e+00    -4.049780279139881e-06
-8.100000000000000e+00    -4.090480357083297e-06
-8.090000000000000e+00    -4.131589481451577e-06
-8.080000000000000e+00    -4.173111763090091e-06
-8.070000000000000e+00    -4.215051354158129e-06
-8.060000000000000e+00    -4.257412448544139e-06
-8.050000000000001e+00    -4.300199282285293e-06
-8.039999999999999e+00    -4.343416133990677e-06
-8.029999999999999e+00    -4.387067325269477e-06
-8.020000000000000e+00    -4.431157221162792e-06
-8.010000000000000e+00    -4.475690230580398e-06
-8.000000000000000e+00    -4.520670806741251e-06
-7.990000000000000e+00    -4.566103447619138e-06
-7.980000000000000e+00    -4.611992696392120e-06
-7.970000000000000e+00    -4.658343141896897e-06
-7.960000000000000e+00    -4.705159419087827e-06
-7.950000000000000e+00    -4.752446209500052e-06
-7.940000000000000e+00    -4.800208241717904e-06
-7.930000000000000e+00    -4.848450291847479e-06
-7.920000000000000e+00    -4.897177183994409e-06
-7.910000000000000e+00    -4.946393790745953e-06
-7.900000000000000e+00    -4.996105033658550e-06
-7.890000000000000e+00    -5.046315883749601e-06
-7.880000000000000e+00    -5.097031361994625e-06
-7.870000000000000e+00    -5.148256539829448e-06
-7.860000000000000e+00    -5.199996539657032e-06
-7.850000000000000e+00    -5.252256535359915e-06
-7.840000000000000e+00    -5.305041752817249e-06
-7.830000000000000e+00    -5.358357470427690e-06
-7.820000000000000e+00    -5.412209019636745e-06
-7.810000000000000e+00    -5.466601785470320e-06
-7.800000000000000e+00    -5.521541207072732e-06
-7.790000000000000e+00    -5.577032778250777e-06
-7.780000000000000e+00    -5.633082048023120e-06
-7.770000000000000e+00    -5.689694621174878e-06
-7.760000000000000e+00    -5.746876158818315e-06
-7.750000000000000e+00    -5.804632378958530e-06
-7.740000000000000e+00    -5.862969057065650e-06
-7.730000000000000e+00    -5.921892026651763e-06
-7.720000000000000e+00    -5.981407179854723e-06
-7.710000000000000e+00    -6.041520468026841e-06
-7.700000000000000e+00    -6.102237902330164e-06
-7.690000000000000e+00    -6.163565554337585e-06
-7.680000000000000e+00    -6.225509556639665e-06
-7.670000000000000e+00    -6.288076103458107e-06
-7.660000000000000e+00    -6.351271451264711e-06
-7.650000000000000e+00    -6.415101919407439e-06
-7.640000000000000e+00    -6.479573890741674e-06
-7.630000000000000e+00    -6.544693812269006e-06
-7.620000000000000e+00    -6.610468195781245e-06
-7.610000000000000e+00    -6.676903618512140e-06
-7.600000000000000e+00    -6.744006723794375e-06
-7.590000000000000e+00    -6.811784221724171e-06
-7.580000000000000e+00    -6.880242889832291e-06
-7.570000000000000e+00    -6.949389573761237e-06
-7.560000000000000e+00    -7.019231187950279e-06
-7.550000000000000e+00    -7.089774716326186e-06
-7.540000000000000e+00    -7.161027213002152e-06
-7.530000000000000e+00    -7.232995802982415e-06
-7.520000000000000e+00    -7.305687682875345e-06
-7.510000000000000e+00    -7.379110121612321e-06
-7.500000000000000e+00    -7.453270461174885e-06
-7.490000000000000e+00    -7.528176117328934e-06
-7.480000000000000e+00    -7.603834580365672e-06
-7.470000000000000e+00    -7.680253415851139e-06
-7.460000000000000e+00    -7.757440265381979e-06
-7.450000000000000e+00    -7.835402847350171e-06
-7.440000000000000e+00    -7.914148957713981e-06
-7.430000000000000e+00    -7.993686470778162e-06
-7.420000000000000e+00    -8.074023339980606e-06
-7.410000000000000e+00    -8.155167598687855e-06
-7.400000000000000e+00    -8.237127360998473e-06
-7.390000000000000e+00    -8.319910822553745e-06
-7.380000000000000e+00    -8.403526261357779e-06
-7.370000000000000e+00    -8.487982038604421e-06
-7.360000000000000e+00    -8.573286599514007e-06
-7.350000000000000e+00    -8.659448474176840e-06
-7.340000000000000e+00    -8.746476278406949e-06
-7.330000000000000e+00    -8.834378714602706e-06
-7.320000000000000e+00    -8.923164572617275e-06
-7.310000000000000e+00    -9.012842730637633e-06
-7.300000000000000e+00    -9.103422156071514e-06
-7.290000000000000e+00    -9.194911906444877e-06
-7.280000000000000e+00    -9.287321130306523e-06
-7.270000000000000e+00    -9.380659068143685e-06
-7.260000000000000e+00    -9.474935053304936e-06
-7.250000000000000e+00    -9.570158512934244e-06
-7.240000000000000e+00    -9.666338968912769e-06
-7.230000000000000e+00    -9.763486038811047e-06
-7.220000000000000e+00    -9.861609436850998e-06
-7.210000000000000e+00    -9.960718974876186e-06
-7.200000000000000e+00    -1.006082456333387e-05
-7.190000000000000e+00    -1.016193621226479e-05
-7.180000000000000e+00    -1.026406403230484e-05
-7.170000000000000e+00    -1.036721823569509e-05
-7.160000000000000e+00    -1.047140913730356e-05
-7.150000000000000e+00    -1.057664715565574e-05
-7.140000000000000e+00    -1.068294281397650e-05
-7.130000000000000e+00    -1.079030674124257e-05
-7.120000000000000e+00    -1.089874967324416e-05
-7.110000000000000e+00    -1.100828245365951e-05
-7.100000000000000e+00    -1.111891603513778e-05
-7.090000000000000e+00    -1.123066148039510e-05
-7.080000000000000e+00    -1.134352996331965e-05
-7.070000000000000e+00    -1.145753277008956e-05
-7.060000000000000e+00    -1.157268130030062e-05
-7.050000000000000e+00    -1.168898706810600e-05
-7.040000000000000e+00    -1.180646170336803e-05
-7.030000000000000e+00    -1.192511695281976e-05
-7.020000000000000e+00    -1.204496468124054e-05
-7.010000000000000e+00    -1.216601687264092e-05
-7.000000000000000e+00    -1.228828563146191e-05
-6.990000000000000e+00    -1.241178318378400e-05
-6.980000000000000e+00    -1.253652187855040e-05
-6.970000000000000e+00    -1.266251418880083e-05
-6.960000000000000e+00    -1.278977271291858e-05
-6.950000000000000e+00    -1.291831017589071e-05
-6.940000000000000e+00    -1.304813943057896e-05
-6.930000000000000e+00    -1.317927345900585e-05
-6.920000000000000e+00    -1.331172537365138e-05
-6.910000000000000e+00    -1.344550841876501e-05
-6.900000000000000e+00    -1.358063597168854e-05
-6.890000000000000e+00    -1.371712154419444e-05
-6.880000000000000e+00    -1.385497878383588e-05
-6.870000000000000e+00    -1.399422147531111e-05
-6.860000000000000e+00    -1.413486354184230e-05
-6.850000000000000e+00    -1.427691904656608e-05
-6.840000000000000e+00    -1.442040219394074e-05
-6.830000000000000e+00    -1.456532733116493e-05
-6.820000000000000e+00    -1.471170894961324e-05
-6.810000000000000e+00    -1.485956168628343e-05
-6.800000000000000e+00    -1.500890032526088e-05
-6.790000000000000e+00    -1.515973979919557e-05
-6.780000000000000e+00    -1.531209519079554e-05
-6.770000000000000e+00    -1.546598173433400e-05
-6.760000000000000e+00    -1.562141481717239e-05
-6.750000000000000e+00    -1.577840998129921e-05
-6.740000000000000e+00    -1.593698292488241e-05
-6.730000000000000e+00    -1.609714950383997e-05
-6.720000000000000e+00    -1.625892573342371e-05
-6.710000000000000e+00    -1.642232778982120e-05
-6.700000000000000e+00    -1.658737201177195e-05
-6.690000000000000e+00    -1.675407490220145e-05
-6.680000000000000e+00    -1.692245312986998e-05
-6.670000000000000e+00    -1.709252353103930e-05
-6.660000000000000e+00    -1.726430311115605e-05
-6.650000000000000e+00    -1.743780904655039e-05
-6.640000000000000e+00    -1.761305868615443e-05
-6.630000000000000e+00    -1.779006955323499e-05
-6.620000000000000e+00    -1.796885934714643e-05
-6.610000000000000e+00    -1.814944594509886e-05
-6.600000000000000e+00    -1.833184740394599e-05
-6.590000000000000e+00    -1.851608196198916e-05
-6.580000000000000e+00    -1.870216804080090e-05
-6.570000000000000e+00    -1.889012424706668e-05
-6.560000000000000e+00    -1.907996937444360e-05
-6.550000000000000e+00    -1.927172240544024e-05
-6.540000000000000e+00    -1.946540251331300e-05
-6.530000000000000e+00    -1.966102906398343e-05
-6.520000000000000e+00    -1.985862161797295e-05
-6.510000000000000e+00    -2.005819993235926e-05
-6.500000000000000e+00    -2.025978396274984e-05
-6.490000000000000e+00    -2.046339386527723e-05
-6.480000000000000e+00    -2.066904999861413e-05
-6.470000000000000e+00    -2.087677292600704e-05
-6.460000000000000e+00    -2.108658341733295e-05
-6.450000000000000e+00    -2.129850245117422e-05
-6.440000000000000e+00    -2.151255121691634e-05
-6.430000000000000e+00    -2.172875111686466e-05
-6.420000000000000e+00    -2.194712376838498e-05
-6.410000000000000e+00    -2.216769100606291e-05
-6.400000000000000e+00    -2.239047488388647e-05
-6.390000000000000e+00    -2.261549767745151e-05
-6.380000000000000e+00    -2.284278188618605e-05
-6.370000000000000e+00    -2.307235023560099e-05
-6.360000000000000e+00    -2.330422567956003e-05
-6.350000000000000e+00    -2.353843140257487e-05
-6.340000000000000e+00    -2.377499082212118e-05
-6.330000000000000e+00    -2.401392759098063e-05
-6.320000000000000e+00    -2.425526559960335e-05
-6.310000000000000e+00    -2.449902897849611e-05
-6.300000000000000e+00    -2.474524210063491e-05
-6.290000000000000e+00    -2.499392958389922e-05
-6.280000000000000e+00    -2.524511629353391e-05
-6.270000000000000e+00    -2.549882734463302e-05
-6.260000000000000e+00    -2.575508810465102e-05
-6.250000000000000e+00    -2.601392419593647e-05
-6.240000000000000e+00    -2.627536149829462e-05
-6.230000000000000e+00    -2.653942615157212e-05
-6.220000000000000e+00    -2.680614455826996e-05
-6.210000000000000e+00    -2.707554338618275e-05
-6.200000000000000e+00    -2.734764957106265e-05
-6.190000000000000e+00    -2.762249031931237e-05
-6.180000000000000e+00    -2.790009311070275e-05
-6.170000000000000e+00    -2.818048570112064e-05
-6.160000000000000e+00    -2.846369612534058e-05
-6.150000000000000e+00    -2.874975269982869e-05
-6.140000000000000e+00    -2.903868402557050e-05
-6.130000000000000e+00    -2.933051899092978e-05
-6.120000000000000e+00    -2.962528677453621e-05
-6.110000000000000e+00    -2.992301684819978e-05
-6.100000000000000e+00    -3.022373897985738e-05
-6.090000000000000e+00    -3.052748323654565e-05
-6.080000000000000e+00    -3.083427998740807e-05
-6.070000000000000e+00    -3.114415990672676e-05
-6.060000000000000e+00    -3.145715397699058e-05
-6.050000000000000e+00    -3.177329349198854e-05
-6.040000000000000e+00    -3.209261005993834e-05
-6.030000000000000e+00    -3.241513560664493e-05
-6.020000000000000e+00    -3.274090237868957e-05
-6.010000000000000e+00    -3.306994294665343e-05
-6.000000000000000e+00    -3.340229020837018e-05
-5.990000000000000e+00    -3.373797739221595e-05
-5.980000000000000e+00    -3.407703806042639e-05
-5.970000000000000e+00    -3.441950611245325e-05
-5.960000000000000e+00    -3.476541578834869e-05
-5.950000000000000e+00    -3.511480167218967e-05
-5.940000000000000e+00    -3.546769869553026e-05
-5.930000000000000e+00    -3.582414214089387e-05
-5.920000000000000e+00    -3.618416764529897e-05
-5.910000000000000e+00    -3.654781120381752e-05
-5.900000000000000e+00    -3.691510917317421e-05
-5.890000000000000e+00    -3.728609827537625e-05
-5.880000000000000e+00    -3.766081560138504e-05
-5.870000000000000e+00    -3.803929861481907e-05
-5.860000000000000e+00    -3.842158515570035e-05
-5.850000000000000e+00    -3.880771344423154e-05
-5.840000000000000e+00    -3.919772208461653e-05
-5.830000000000000e+00    -3.959165006891793e-05
-5.820000000000000e+00    -3.998953678095000e-05
-5.810000000000000e+00    -4.039142200021669e-05
-5.800000000000000e+00    -4.079734590588234e-05
-5.790000000000000e+00    -4.120734908078941e-05
-5.780000000000000e+00    -4.162147251550901e-05
-5.770000000000000e+00    -4.203975761243997e-05
-5.760000000000000e+00    -4.246224618994107e-05
-5.750000000000000e+00    -4.288898048651117e-05
-5.740000000000000e+00    -4.332000316500919e-05
-5.730000000000000e+00    -4.375535731691342e-05
-5.720000000000000e+00    -4.419508646662966e-05
-5.710000000000000e+00    -4.463923457583557e-05
-5.700000000000000e+00    -4.508784604787616e-05
-5.690000000000000e+00    -4.554096573219495e-05
-5.680000000000000e+00    -4.599863892881891e-05
-5.670000000000000e+00    -4.646091139287942e-05
-5.660000000000000e+00    -4.692782933918476e-05
-5.649999999999999e+00    -4.739943944683767e-05
-5.640000000000000e+00    -4.787578886389438e-05
-5.630000000000000e+00    -4.835692521207901e-05
-5.620000000000000e+00    -4.884289659153519e-05
-5.610000000000000e+00    -4.933375158563568e-05
-5.600000000000000e+00    -4.982953926582985e-05
-5.590000000000000e+00    -5.033030919655015e-05
-5.580000000000000e+00    -5.083611144015888e-05
-5.570000000000000e+00    -5.134699656194947e-05
-5.560000000000000e+00    -5.186301563519939e-05
-5.550000000000000e+00    -5.238422024626637e-05
-5.540000000000000e+00    -5.291066249974630e-05
-5.530000000000000e+00    -5.344239502367175e-05
-5.520000000000000e+00    -5.397947097477351e-05
-5.510000000000000e+00    -5.452194404378399e-05
-5.500000000000000e+00    -5.506986846080486e-05
-5.490000000000000e+00    -5.562329900071887e-05
-5.480000000000000e+00    -5.618229098866134e-05
-5.470000000000000e+00    -5.674690030554811e-05
-5.460000000000000e+00    -5.731718339365068e-05
-5.450000000000000e+00    -5.789319726223917e-05
-5.440000000000000e+00    -5.847499949326946e-05
-5.430000000000000e+00    -5.906264824713892e-05
-5.420000000000000e+00    -5.965620226848924e-05
-5.410000000000000e+00    -6.025572089207766e-05
-5.399999999999999e+00    -6.086126404869813e-05
-5.390000000000000e+00    -6.147289227116644e-05
-5.380000000000000e+00    -6.209066670036830e-05
-5.370000000000000e+00    -6.271464909135867e-05
-5.360000000000000e+00    -6.334490181953431e-05
-5.350000000000000e+00    -6.398148788685595e-05
-5.340000000000000e+00    -6.462447092814489e-05
-5.330000000000000e+00    -6.527391521743130e-05
-5.320000000000000e+00    -6.592988567437695e-05
-5.310000000000000e+00    -6.659244787075307e-05
-5.300000000000000e+00    -6.726166803698783e-05
-5.290000000000000e+00    -6.793761306878283e-05
-5.280000000000000e+00    -6.862035053378551e-05
-5.270000000000000e+00    -6.930994867834207e-05
-5.260000000000000e+00    -7.000647643430352e-05
-5.250000000000000e+00    -7.071000342591516e-05
-5.240000000000000e+00    -7.142059997676028e-05
-5.230000000000000e+00    -7.213833711678697e-05
-5.220000000000000e+00    -7.286328658939441e-05
-5.210000000000000e+00    -7.359552085859574e-05
-5.200000000000000e+00    -7.433511311625601e-05
-5.190000000000000e+00    -7.508213728939181e-05
-5.180000000000000e+00    -7.583666804755759e-05
-5.170000000000000e+00    -7.659878081029294e-05
-5.160000000000000e+00    -7.736855175465779e-05
-5.149999999999999e+00    -7.814605782282905e-05
-5.140000000000000e+00    -7.893137672978704e-05
-5.130000000000000e+00    -7.972458697106766e-05
-5.120000000000000e+00    -8.052576783060123e-05
-5.110000000000000e+00    -8.133499938862252e-05
-5.100000000000000e+00    -8.215236252966416e-05
-5.090000000000000e+00    -8.297793895063293e-05
-5.080000000000000e+00    -8.381181116895709e-05
-5.070000000000000e+00    -8.465406253082888e-05
-5.060000000000000e+00    -8.550477721951605e-05
-5.050000000000000e+00    -8.636404026376869e-05
-5.040000000000000e+00    -8.723193754630039e-05
-5.030000000000000e+00    -8.810855581236273e-05
-5.020000000000000e+00    -8.899398267839853e-05
-5.010000000000000e+00    -8.988830664078568e-05
-5.000000000000000e+00    -9.079161708467175e-05
-4.990000000000000e+00    -9.170400429288799e-05
-4.980000000000000e+00    -9.262555945496163e-05
-4.970000000000000e+00    -9.355637467621395e-05
-4.960000000000000e+00    -9.449654298694979e-05
-4.950000000000000e+00    -9.544615835174169e-05
-4.940000000000000e+00    -9.640531567880304e-05
-4.930000000000000e+00    -9.737411082945898e-05
-4.920000000000000e+00    -9.835264062770976e-05
-4.910000000000000e+00    -9.934100286989095e-05
-4.899999999999999e+00    -1.003392963344302e-04
-4.890000000000000e+00    -1.013476207917011e-04
-4.880000000000000e+00    -1.023660770139780e-04
-4.870000000000000e+00    -1.033947667854864e-04
-4.860000000000000e+00    -1.044337929125597e-04
-4.850000000000000e+00    -1.054832592338914e-04
-4.840000000000000e+00    -1.065432706308954e-04
-4.830000000000000e+00    -1.076139330381665e-04
-4.820000000000000e+00    -1.086953534540482e-04
-4.810000000000000e+00    -1.097876399513038e-04
-4.800000000000000e+00    -1.108909016878961e-04
-4.790000000000000e+00    -1.120052489178760e-04
-4.780000000000000e+00    -1.131307930023760e-04
-4.770000000000000e+00    -1.142676464207200e-04
-4.760000000000000e+00    -1.154159227816380e-04
-4.750000000000000e+00    -1.165757368345975e-04
-4.740000000000000e+00    -1.177472044812471e-04
-4.730000000000000e+00    -1.189304427869735e-04
-4.720000000000000e+00    -1.201255699925763e-04
-4.710000000000000e+00    -1.213327055260571e-04
-4.700000000000000e+00    -1.225519700145305e-04
-4.690000000000000e+00    -1.237834852962492e-04
-4.680000000000000e+00    -1.250273744327542e-04
-4.670000000000000e+00    -1.262837617211439e-04
-4.660000000000000e+00    -1.275527727064669e-04
-4.649999999999999e+00    -1.288345341942392e-04
-4.640000000000000e+00    -1.301291742630847e-04
-4.630000000000000e+00    -1.314368222775064e-04
-4.620000000000000e+00    -1.327576089007791e-04
-4.610000000000000e+00    -1.340916661079795e-04
-4.600000000000000e+00    -1.354391271991369e-04
-4.590000000000000e+00    -1.368001268125245e-04
-4.580000000000000e+00    -1.381748009380778e-04
-4.570000000000000e+00    -1.395632869309500e-04
-4.560000000000000e+00    -1.409657235252023e-04
-4.550000000000000e+00    -1.423822508476297e-04
-4.540000000000000e+00    -1.438130104317301e-04
-4.530000000000000e+00    -1.452581452318049e-04
-4.520000000000000e+00    -1.467177996372103e-04
-4.510000000000000e+00    -1.481921194867419e-04
-4.500000000000000e+00    -1.496812520831705e-04
-4.490000000000000e+00    -1.511853462079194e-04
-4.480000000000000e+00    -1.527045521358893e-04
-4.470000000000000e+00    -1.542390216504321e-04
-4.460000000000000e+00    -1.557889080584726e-04
-4.450000000000000e+00    -1.573543662057859e-04
-4.440000000000000e+00    -1.589355524924204e-04
-4.430000000000000e+00    -1.605326248882827e-04
-4.420000000000000e+00    -1.621457429488725e-04
-4.410000000000000e+00    -1.637750678311782e-04
-4.399999999999999e+00    -1.654207623097305e-04
-4.390000000000000e+00    -1.670829907928138e-04
-4.380000000000000e+00    -1.687619193388471e-04
-4.370000000000000e+00    -1.704577156729177e-04
-4.360000000000000e+00    -1.721705492034922e-04
-4.350000000000000e+00    -1.739005910392832e-04
-4.340000000000000e+00    -1.756480140062934e-04
-4.330000000000000e+00    -1.774129926650256e-04
-4.320000000000000e+00    -1.791957033278648e-04
-4.310000000000000e+00    -1.809963240766364e-04
-4.300000000000000e+00    -1.828150347803358e-04
-4.290000000000000e+00    -1.846520171130421e-04
-4.280000000000000e+00    -1.865074545720002e-04
-4.270000000000000e+00    -1.883815324958959e-04
-4.260000000000000e+00    -1.902744380833025e-04
-4.250000000000000e+00    -1.921863604113191e-04
-4.240000000000000e+00    -1.941174904543925e-04
-4.230000000000000e+00    -1.960680211033258e-04
-4.220000000000000e+00    -1.980381471844796e-04
-4.210000000000000e+00    -2.000280654791615e-04
-4.200000000000000e+00    -2.020379747432148e-04
-4.190000000000000e+00    -2.040680757267950e-04
-4.180000000000000e+00    -2.061185711943512e-04
-4.170000000000000e+00    -2.081896659448026e-04
-4.160000000000000e+00    -2.102815668319182e-04
-4.149999999999999e+00    -2.123944827848992e-04
-4.140000000000000e+00    -2.145286248291655e-04
-4.130000000000000e+00    -2.166842061073561e-04
-4.120000000000000e+00    -2.188614419005275e-04
-4.110000000000000e+00    -2.210605496495773e-04
-4.100000000000000e+00    -2.232817489768693e-04
-4.090000000000000e+00    -2.255252617080833e-04
-4.080000000000000e+00    -2.277913118942780e-04
-4.070000000000000e+00    -2.300801258341765e-04
-4.060000000000000e+00    -2.323919320966724e-04
-4.050000000000000e+00    -2.347269615435602e-04
-4.040000000000000e+00    -2.370854473524976e-04
-4.030000000000000e+00    -2.394676250401866e-04
-4.020000000000000e+00    -2.418737324857980e-04
-4.010000000000000e+00    -2.443040099546185e-04
-4.000000000000000e+00    -2.467587001219416e-04
-3.990000000000000e+00    -2.492380480971927e-04
-3.980000000000000e+00    -2.517423014482951e-04
-3.970000000000000e+00    -2.542717102262815e-04
-3.960000000000000e+00    -2.568265269901450e-04
-3.950000000000000e+00    -2.594070068319482e-04
-3.940000000000000e+00    -2.620134074021682e-04
-3.930000000000000e+00    -2.646459889353087e-04
-3.920000000000000e+00    -2.673050142757571e-04
-3.910000000000000e+00    -2.699907489039046e-04
-3.900000000000000e+00    -2.727034609625236e-04
-3.890000000000000e+00    -2.754434212834106e-04
-3.880000000000000e+00    -2.782109034142923e-04
-3.870000000000000e+00    -2.810061836459992e-04
-3.860000000000000e+00    -2.838295410399148e-04
-3.850000000000000e+00    -2.866812574556911e-04
-3.840000000000000e+00    -2.895616175792453e-04
-3.830000000000000e+00    -2.924709089510331e-04
-3.820000000000000e+00    -2.954094219946047e-04
-3.810000000000000e+00    -2.983774500454432e-04
-3.800000000000000e+00    -3.013752893800921e-04
-3.790000000000000e+00    -3.044032392455728e-04
-3.780000000000000e+00    -3.074616018890906e-04
-3.770000000000000e+00    -3.105506825880448e-04
-3.760000000000000e+00    -3.136707896803281e-04
-3.750000000000000e+00    -3.168222345949349e-04
-3.740000000000000e+00    -3.200053318828685e-04
-3.730000000000000e+00    -3.232203992483593e-04
-3.720000000000000e+00    -3.264677575803945e-04
-3.710000000000000e+00    -3.297477309845536e-04
-3.700000000000000e+00    -3.330606468151751e-04
-3.690000000000000e+00    -3.364068357078254e-04
-3.680000000000000e+00    -3.397866316121054e-04
-3.670000000000000e+00    -3.432003718247745e-04
-3.660000000000000e+00    -3.466483970232078e-04
-3.650000000000000e+00    -3.501310512991841e-04
-3.640000000000000e+00    -3.536486821930102e-04
-3.630000000000000e+00    -3.572016407279852e-04
-3.620000000000000e+00    -3.607902814452044e-04
-3.610000000000000e+00    -3.644149624387138e-04
-3.600000000000000e+00    -3.680760453910093e-04
-3.590000000000000e+00    -3.717738956088905e-04
-3.580000000000000e+00    -3.755088820596704e-04
-3.570000000000000e+00    -3.792813774077439e-04
-3.560000000000000e+00    -3.830917580515218e-04
-3.550000000000000e+00    -3.869404041607275e-04
-3.540000000000000e+00    -3.908276997140687e-04
-3.530000000000000e+00    -3.947540325372768e-04
-3.520000000000000e+00    -3.987197943415316e-04
-3.510000000000000e+00    -4.027253807622603e-04
-3.500000000000000e+00    -4.067711913983256e-04
-3.490000000000000e+00    -4.108576298516011e-04
-3.480000000000000e+00    -4.149851037669387e-04
-3.470000000000000e+00    -4.191540248725341e-04
-3.460000000000000e+00    -4.233648090206886e-04
-3.450000000000000e+00    -4.276178762289851e-04
-3.440000000000000e+00    -4.319136507218553e-04
-3.430000000000000e+00    -4.362525609725768e-04
-3.420000000000000e+00    -4.406350397456750e-04
-3.410000000000000e+00    -4.450615241397487e-04
-3.400000000000000e+00    -4.495324556307208e-04
-3.390000000000000e+00    -4.540482801155152e-04
-3.380000000000000e+00    -4.586094479561705e-04
-3.370000000000000e+00    -4.632164140243822e-04
-3.360000000000000e+00    -4.678696377464982e-04
-3.350000000000000e+00    -4.725695831489487e-04
-3.340000000000000e+00    -4.773167189041315e-04
-3.330000000000000e+00    -4.821115183767500e-04
-3.320000000000000e+00    -4.869544596706101e-04
-3.310000000000000e+00    -4.918460256758793e-04
-3.300000000000000e+00    -4.967867041168146e-04
-3.290000000000000e+00    -5.017769875999623e-04
-3.280000000000000e+00    -5.068173736628307e-04
-3.270000000000000e+00    -5.119083648230520e-04
-3.260000000000000e+00    -5.170504686280233e-04
-3.250000000000000e+00    -5.222441977050403e-04
-3.240000000000000e+00    -5.274900698119267e-04
-3.230000000000000e+00    -5.327886078881645e-04
-3.220000000000000e+00    -5.381403401065296e-04
-3.210000000000000e+00    -5.435457999252318e-04
-3.200000000000000e+00    -5.490055261405851e-04
-3.190000000000000e+00    -5.545200629401741e-04
-3.180000000000000e+00    -5.600899599565695e-04
-3.170000000000000e+00    -5.657157723215581e-04
-3.160000000000000e+00    -5.713980607209142e-04
-3.150000000000000e+00    -5.771373914497093e-04
-3.140000000000000e+00    -5.829343364681702e-04
-3.130000000000000e+00    -5.887894734580844e-04
-3.120000000000000e+00    -5.947033858797615e-04
-3.110000000000000e+00    -6.006766630295639e-04
-3.100000000000000e+00    -6.067099000979946e-04
-3.090000000000000e+00    -6.128036982283622e-04
-3.080000000000000e+00    -6.189586645760237e-04
-3.070000000000000e+00    -6.251754123682126e-04
-3.060000000000000e+00    -6.314545609644513e-04
-3.050000000000000e+00    -6.377967359175639e-04
-3.040000000000000e+00    -6.442025690352877e-04
-3.030000000000000e+00    -6.506726984424856e-04
-3.020000000000000e+00    -6.572077686439837e-04
-3.010000000000000e+00    -6.638084305880140e-04
-3.000000000000000e+00    -6.704753417302887e-04
-2.990000000000000e+00    -6.772091660986956e-04
-2.980000000000000e+00    -6.840105743586534e-04
-2.970000000000000e+00    -6.908802438790781e-04
-2.960000000000000e+00    -6.978188587990145e-04
-2.950000000000000e+00    -7.048271100949228e-04
-2.940000000000000e+00    -7.119056956486207e-04
-2.930000000000000e+00    -7.190553203158981e-04
-2.920000000000000e+00    -7.262766959958022e-04
-2.910000000000000e+00    -7.335705417006030e-04
-2.900000000000000e+00    -7.409375836264463e-04
-2.890000000000000e+00    -7.483785552246998e-04
-2.880000000000000e+00    -7.558941972739974e-04
-2.870000000000000e+00    -7.634852579529944e-04
-2.860000000000000e+00    -7.711524929138296e-04
-2.850000000000000e+00    -7.788966653563119e-04
-2.840000000000000e+00    -7.867185461028373e-04
-2.830000000000000e+00    -7.946189136740291e-04
-2.820000000000000e+00    -8.025985543651258e-04
-2.810000000000000e+00    -8.106582623231233e-04
-2.800000000000000e+00    -8.187988396246589e-04
-2.790000000000000e+00    -8.270210963546608e-04
-2.780000000000000e+00    -8.353258506857829e-04
-2.770000000000000e+00    -8.437139289585886e-04
-2.760000000000000e+00    -8.521861657625478e-04
-2.750000000000000e+00    -8.607434040177993e-04
-2.740000000000000e+00    -8.693864950577335e-04
-2.730000000000000e+00    -8.781162987123713e-04
-2.720000000000000e+00    -8.869336833925543e-04
-2.710000000000000e+00    -8.958395261749656e-04
-2.700000000000000e+00    -9.048347128879819e-04
-2.690000000000000e+00    -9.139201381983441e-04
-2.680000000000000e+00    -9.230967056987016e-04
-2.670000000000000e+00    -9.323653279959887e-04
-2.660000000000000e+00    -9.417269268006716e-04
-2.650000000000000e+00    -9.511824330168634e-04
-2.640000000000000e+00    -9.607327868333185e-04
-2.630000000000000e+00    -9.703789378153079e-04
-2.620000000000000e+00    -9.801218449973989e-04
-2.610000000000000e+00    -9.899624769771265e-04
-2.600000000000000e+00    -9.999018120095853e-04
-2.590000000000000e+00    -1.009940838102936e-03
-2.580000000000000e+00    -1.020080553114844e-03
-2.570000000000000e+00    -1.030321964849854e-03
-2.560000000000000e+00    -1.040666091157704e-03
-2.550000000000000e+00    -1.051113960032614e-03
-2.540000000000000e+00    -1.061666609713507e-03
-2.530000000000000e+00    -1.072325088785244e-03
-2.520000000000000e+00    -1.083090456280792e-03
-2.510000000000000e+00    -1.093963781784434e-03
-2.500000000000000e+00    -1.104946145535940e-03
-2.490000000000000e+00    -1.116038638535770e-03
-2.480000000000000e+00    -1.127242362651280e-03
-2.470000000000000e+00    -1.138558430723978e-03
-2.460000000000000e+00    -1.149987966677792e-03
-2.450000000000000e+00    -1.161532105628410e-03
-2.440000000000000e+00    -1.173191993993663e-03
-2.430000000000000e+00    -1.184968789604978e-03
-2.420000000000000e+00    -1.196863661819909e-03
-2.410000000000000e+00    -1.208877791635762e-03
-2.400000000000000e+00    -1.221012371804301e-03
-2.390000000000000e+00    -1.233268606947583e-03
-2.380000000000000e+00    -1.245647713674883e-03
-2.370000000000000e+00    -1.258150920700780e-03
-2.360000000000000e+00    -1.270779468964350e-03
-2.350000000000000e+00    -1.283534611749529e-03
-2.340000000000000e+00    -1.296417614806630e-03
-2.330000000000000e+00    -1.309429756475018e-03
-2.320000000000000e+00    -1.322572327806986e-03
-2.310000000000000e+00    -1.335846632692806e-03
-2.300000000000000e+00    -1.349253987986993e-03
-2.290000000000000e+00    -1.362795723635766e-03
-2.280000000000000e+00    -1.376473182805763e-03
-2.270000000000000e+00    -1.390287722013961e-03
-2.260000000000000e+00    -1.404240711258855e-03
-2.250000000000000e+00    -1.418333534152910e-03
-2.240000000000000e+00    -1.432567588056248e-03
-2.230000000000000e+00    -1.446944284211654e-03
-2.220000000000000e+00    -1.461465047880851e-03
-2.210000000000000e+00    -1.476131318482078e-03
-2.200000000000000e+00    -1.490944549729013e-03
-2.190000000000000e+00    -1.505906209770977e-03
-2.180000000000000e+00    -1.521017781334528e-03
-2.170000000000000e+00    -1.536280761866375e-03
-2.160000000000000e+00    -1.551696663677660e-03
-2.150000000000000e+00    -1.567267014089633e-03
-2.140000000000000e+00    -1.582993355580701e-03
-2.130000000000000e+00    -1.598877245934878e-03
-2.120000000000000e+00    -1.614920258391664e-03
-2.110000000000000e+00    -1.631123981797333e-03
-2.100000000000000e+00    -1.647490020757673e-03
-2.090000000000000e+00    -1.664019995792175e-03
-2.080000000000000e+00    -1.680715543489683e-03
-2.070000000000000e+00    -1.697578316665529e-03
-2.060000000000000e+00    -1.714609984520151e-03
-2.050000000000000e+00    -1.731812232799231e-03
-2.040000000000000e+00    -1.749186763955328e-03
-2.030000000000000e+00    -1.766735297311070e-03
-2.020000000000000e+00    -1.784459569223861e-03
-2.010000000000000e+00    -1.802361333252183e-03
-2.000000000000000e+00    -1.820442360323430e-03
-1.990000000000000e+00    -1.838704438903357e-03
-1.980000000000000e+00    -1.857149375167127e-03
-1.970000000000000e+00    -1.875778993171947e-03
-1.960000000000000e+00    -1.894595135031373e-03
-1.950000000000000e+00    -1.913599661091221e-03
-1.940000000000000e+00    -1.932794450107151e-03
-1.930000000000000e+00    -1.952181399423927e-03
-1.920000000000000e+00    -1.971762425156352e-03
-1.910000000000000e+00    -1.991539462371907e-03
-1.900000000000000e+00    -2.011514465275113e-03
-1.890000000000000e+00    -2.031689407393606e-03
-1.880000000000000e+00    -2.052066281765975e-03
-1.870000000000000e+00    -2.072647101131352e-03
-1.860000000000000e+00    -2.093433898120778e-03
-1.850000000000000e+00    -2.114428725450351e-03
-1.840000000000000e+00    -2.135633656116200e-03
-1.830000000000000e+00    -2.157050783591257e-03
-1.820000000000000e+00    -2.178682222023886e-03
-1.810000000000000e+00    -2.200530106438351e-03
-1.800000000000000e+00    -2.222596592937151e-03
-1.790000000000000e+00    -2.244883858905254e-03
-1.780000000000000e+00    -2.267394103216220e-03
-1.770000000000000e+00    -2.290129546440229e-03
-1.760000000000000e+00    -2.313092431054065e-03
-1.750000000000000e+00    -2.336285021653042e-03
-1.740000000000000e+00    -2.359709605164877e-03
-1.730000000000000e+00    -2.383368491065556e-03
-1.720000000000000e+00    -2.407264011597210e-03
-1.710000000000000e+00    -2.431398521987993e-03
-1.700000000000000e+00    -2.455774400673974e-03
-1.690000000000000e+00    -2.480394049523121e-03
-1.680000000000000e+00    -2.505259894061303e-03
-1.670000000000000e+00    -2.530374383700417e-03
-1.660000000000000e+00    -2.555739991968562e-03
-1.650000000000000e+00    -2.581359216742390e-03
-1.640000000000000e+00    -2.607234580481553e-03
-1.630000000000000e+00    -2.633368630465287e-03
-1.620000000000000e+00    -2.659763939031214e-03
-1.610000000000000e+00    -2.686423103816306e-03
-1.600000000000000e+00    -2.713348748000013e-03
-1.590000000000000e+00    -2.740543520549694e-03
-1.580000000000000e+00    -2.768010096468218e-03
-1.570000000000000e+00    -2.795751177043858e-03
-1.560000000000000e+00    -2.823769490102455e-03
-1.550000000000000e+00    -2.852067790261859e-03
-1.540000000000000e+00    -2.880648859188717e-03
-1.530000000000000e+00    -2.909515505857559e-03
-1.520000000000000e+00    -2.938670566812245e-03
-1.510000000000000e+00    -2.968116906429786e-03
-1.500000000000000e+00    -2.997857417186551e-03
-1.490000000000000e+00    -3.027895019926860e-03
-1.480000000000000e+00    -3.058232664134034e-03
-1.470000000000000e+00    -3.088873328203851e-03
-1.460000000000000e+00    -3.119820019720497e-03
-1.450000000000000e+00    -3.151075775734979e-03
-1.440000000000000e+00    -3.182643663046041e-03
-1.430000000000000e+00    -3.214526778483604e-03
-1.420000000000000e+00    -3.246728249194735e-03
-1.410000000000000e+00    -3.279251232932193e-03
-1.400000000000000e+00    -3.312098918345531e-03
-1.390000000000000e+00    -3.345274525274803e-03
-1.380000000000000e+00    -3.378781305046893e-03
-1.370000000000000e+00    -3.412622540774478e-03
-1.360000000000000e+00    -3.446801547657637e-03
-1.350000000000000e+00    -3.481321673288148e-03
-1.340000000000000e+00    -3.516186297956478e-03
-1.330000000000000e+00    -3.551398834961485e-03
-1.320000000000000e+00    -3.586962730922853e-03
-1.310000000000000e+00    -3.622881466096296e-03
-1.300000000000000e+00    -3.659158554691508e-03
-1.290000000000000e+00    -3.695797545192954e-03
-1.280000000000000e+00    -3.732802020683438e-03
-1.270000000000000e+00    -3.770175599170515e-03
-1.260000000000000e+00    -3.807921933915778e-03
-1.250000000000000e+00    -3.846044713766998e-03
-1.240000000000000e+00    -3.884547663493184e-03
-1.230000000000000e+00    -3.923434544122526e-03
-1.220000000000000e+00    -3.962709153283323e-03
-1.210000000000000e+00    -4.002375325547837e-03
-1.200000000000000e+00    -4.042436932779113e-03
-1.190000000000000e+00    -4.082897884480852e-03
-1.180000000000000e+00    -4.123762128150252e-03
-1.170000000000000e+00    -4.165033649633895e-03
-1.160000000000000e+00    -4.206716473486746e-03
-1.150000000000000e+00    -4.248814663334156e-03
-1.140000000000000e+00    -4.291332322237047e-03
-1.130000000000000e+00    -4.334273593060128e-03
-1.120000000000000e+00    -4.377642658843349e-03
-1.110000000000000e+00    -4.421443743176488e-03
-1.100000000000000e+00    -4.465681110576846e-03
-1.090000000000000e+00    -4.510359066870282e-03
-1.080000000000000e+00    -4.555481959575380e-03
-1.070000000000000e+00    -4.601054178290872e-03
-1.060000000000000e+00    -4.647080155086364e-03
-1.050000000000000e+00    -4.693564364896315e-03
-1.040000000000000e+00    -4.740511325917348e-03
-1.030000000000000e+00    -4.787925600008882e-03
-1.020000000000000e+00    -4.835811793097088e-03
-1.010000000000000e+00    -4.884174555582258e-03
-9.999999999999998e-01    -4.933018582749537e-03
-9.899999999999998e-01    -4.982348615183065e-03
-9.799999999999998e-01    -5.032169439183563e-03
-9.699999999999999e-01    -5.082485887189329e-03
-9.599999999999999e-01    -5.133302838200780e-03
-9.499999999999998e-01    -5.184625218208398e-03
-9.399999999999998e-01    -5.236458000624256e-03
-9.299999999999998e-01    -5.288806206717012e-03
-9.199999999999998e-01    -5.341674906050515e-03
-9.099999999999998e-01    -5.395069216925933e-03
-8.999999999999998e-01    -5.448994306827481e-03
-8.899999999999998e-01    -5.503455392871760e-03
-8.799999999999998e-01    -5.558457742260739e-03
-8.699999999999998e-01    -5.614006672738348e-03
-8.599999999999998e-01    -5.670107553050767e-03
-8.499999999999998e-01    -5.726765803410370e-03
-8.399999999999999e-01    -5.783986895963405e-03
-8.299999999999998e-01    -5.841776355261369e-03
-8.199999999999998e-01    -5.900139758736123e-03
-8.099999999999998e-01    -5.959082737178788e-03
-7.999999999999998e-01    -6.018610975222368e-03
-7.899999999999998e-01    -6.078730211828221e-03
-7.799999999999998e-01    -6.139446240776314e-03
-7.699999999999998e-01    -6.200764911159276e-03
-7.599999999999998e-01    -6.262692127880365e-03
-7.499999999999998e-01    -6.325233852155231e-03
-7.399999999999998e-01    -6.388396102017586e-03
-7.299999999999998e-01    -6.452184952828770e-03
-7.199999999999998e-01    -6.516606537791195e-03
-7.099999999999999e-01    -6.581667048465780e-03
-6.999999999999998e-01    -6.647372735293241e-03
-6.899999999999998e-01    -6.713729908119446e-03
-6.799999999999998e-01    -6.780744936724603e-03
-6.699999999999998e-01    -6.848424251356546e-03
-6.599999999999998e-01    -6.916774343268011e-03
-6.499999999999998e-01    -6.985801765257861e-03
-6.399999999999998e-01    -7.055513132216347e-03
-6.299999999999998e-01    -7.125915121674523e-03
-6.199999999999998e-01    -7.197014474357552e-03
-6.099999999999998e-01    -7.268817994742211e-03
-5.999999999999998e-01    -7.341332551618333e-03
-5.899999999999999e-01    -7.414565078654512e-03
-5.799999999999998e-01    -7.488522574967789e-03
-5.699999999999998e-01    -7.563212105697418e-03
-5.599999999999998e-01    -7.638640802582886e-03
-5.499999999999998e-01    -7.714815864545955e-03
-5.399999999999998e-01    -7.791744558276848e-03
-5.299999999999998e-01    -7.869434218824665e-03
-5.199999999999998e-01    -7.947892250191832e-03
-5.099999999999998e-01    -8.027126125932852e-03
-4.999999999999998e-01    -8.107143389757090e-03
-4.899999999999998e-01    -8.187951656135836e-03
-4.799999999999998e-01    -8.269558610913502e-03
-4.699999999999998e-01    -8.351972011922993e-03
-4.599999999999998e-01    -8.435199689605341e-03
-4.499999999999998e-01    -8.519249547633450e-03
-4.399999999999998e-01    -8.604129563540095e-03
-4.299999999999998e-01    -8.689847789350081e-03
-4.199999999999998e-01    -8.776412352216658e-03
-4.099999999999998e-01    -8.863831455062088e-03
-3.999999999999998e-01    -8.952113377222471e-03
-3.899999999999998e-01    -9.041266475096683e-03
-3.799999999999998e-01    -9.131299182799636e-03
-3.699999999999998e-01    -9.222220012819641e-03
-3.599999999999998e-01    -9.314037556680031e-03
-3.499999999999998e-01    -9.406760485604921e-03
-3.399999999999998e-01    -9.500397551189213e-03
-3.299999999999998e-01    -9.594957586072764e-03
-3.199999999999998e-01    -9.690449504618712e-03
-3.099999999999998e-01    -9.786882303595954e-03
-2.999999999999998e-01    -9.884265062865882e-03
-2.899999999999998e-01    -9.982606946073157e-03
-2.799999999999998e-01    -1.008191720134068e-02
-2.699999999999998e-01    -1.018220516196866e-02
-2.599999999999998e-01    -1.028348024713785e-02
-2.499999999999998e-01    -1.038575196261684e-02
-2.399999999999998e-01    -1.048902990147346e-02
-2.299999999999998e-01    -1.059332374479024e-02
-2.199999999999998e-01    -1.069864326238385e-02
-2.099999999999998e-01    -1.080499831352882e-02
-1.999999999999998e-01    -1.091239884768493e-02
-1.899999999999998e-01    -1.102085490522888e-02
-1.799999999999998e-01    -1.113037661818980e-02
-1.699999999999998e-01    -1.124097421098864e-02
-1.599999999999998e-01    -1.135265800118174e-02
-1.499999999999998e-01    -1.146543840020797e-02
-1.399999999999998e-01    -1.157932591413988e-02
-1.299999999999998e-01    -1.169433114443890e-02
-1.199999999999998e-01    -1.181046478871388e-02
-1.099999999999998e-01    -1.192773764148384e-02
-9.999999999999980e-02    -1.204616059494419e-02
-8.999999999999979e-02    -1.216574463973682e-02
-7.999999999999979e-02    -1.228650086572372e-02
-6.999999999999980e-02    -1.240844046276429e-02
-5.999999999999979e-02    -1.253157472149622e-02
-4.999999999999979e-02    -1.265591503412001e-02
-3.999999999999979e-02    -1.278147289518671e-02
-2.999999999999979e-02    -1.290825990238949e-02
-1.999999999999979e-02    -1.303628775735829e-02
-9.999999999999792e-03    -1.316556826645791e-02
2.081668171172169e-16    -1.329611334158956e-02
1.000000000000021e-02    -1.342793500099541e-02
2.000000000000021e-02    -1.356104537006647e-02
3.000000000000021e-02    -1.369545668215351e-02
4.000000000000021e-02    -1.383118127938119e-02
5.000000000000021e-02    -1.396823161346500e-02
6.000000000000021e-02    -1.410662024653129e-02
7.000000000000021e-02    -1.424635985194003e-02
8.000000000000021e-02    -1.438746321511053e-02
9.000000000000020e-02    -1.452994323434973e-02
1.000000000000002e-01    -1.467381292168326e-02
1.100000000000002e-01    -1.481908540368890e-02
1.200000000000002e-01    -1.496577392233280e-02
1.300000000000002e-01    -1.511389183580779e-02
1.400000000000002e-01    -1.526345261937431e-02
1.500000000000002e-01    -1.541446986620328e-02
1.600000000000002e-01    -1.556695728822138e-02
1.700000000000002e-01    -1.572092871695819e-02
1.800000000000002e-01    -1.587639810439536e-02
1.900000000000002e-01    -1.603337952381755e-02
2.000000000000002e-01    -1.619188717066527e-02
2.100000000000002e-01    -1.635193536338916e-02
2.200000000000002e-01    -1.651353854430598e-02
2.300000000000002e-01    -1.667671128045579e-02
2.400000000000002e-01    -1.684146826446070e-02
2.500000000000002e-01    -1.700782431538461e-02
2.600000000000002e-01    -1.717579437959403e-02
2.700000000000002e-01    -1.734539353161990e-02
2.800000000000002e-01    -1.751663697502006e-02
2.900000000000002e-01    -1.768954004324260e-02
3.000000000000002e-01    -1.786411820048956e-02
3.100000000000002e-01    -1.804038704258105e-02
3.200000000000002e-01    -1.821836229781965e-02
3.300000000000002e-01    -1.839805982785485e-02
3.400000000000002e-01    -1.857949562854752e-02
3.500000000000002e-01    -1.876268583083398e-02
3.600000000000002e-01    -1.894764670158986e-02
3.700000000000002e-01    -1.913439464449334e-02
3.800000000000002e-01    -1.932294620088765e-02
3.900000000000002e-01    -1.951331805064269e-02
4.000000000000002e-01    -1.970552701301563e-02
4.100000000000002e-01    -1.989959004751013e-02
4.200000000000002e-01    -2.009552425473420e-02
4.300000000000002e-01    -2.029334687725651e-02
4.400000000000002e-01    -2.049307530046062e-02
4.500000000000002e-01    -2.069472705339729e-02
4.600000000000002e-01    -2.089831980963474e-02
4.700000000000002e-01    -2.110387138810608e-02
4.800000000000002e-01    -2.131139975395435e-02
4.900000000000002e-01    -2.152092301937442e-02
5.000000000000002e-01    -2.173245944445203e-02
5.100000000000002e-01    -2.194602743799930e-02
5.200000000000002e-01    -2.216164555838651e-02
5.300000000000002e-01    -2.237933251437028e-02
5.400000000000003e-01    -2.259910716591759e-02
5.500000000000003e-01    -2.282098852502521e-02
5.600000000000003e-01    -2.304499575653476e-02
5.700000000000002e-01    -2.327114817894286e-02
5.800000000000002e-01    -2.349946526520593e-02
5.900000000000002e-01    -2.372996664353966e-02
6.000000000000002e-01    -2.396267209821283e-02
6.100000000000002e-01    -2.419760157033481e-02
6.200000000000002e-01    -2.443477515863710e-02
6.300000000000002e-01    -2.467421312024793e-02
6.400000000000002e-01    -2.491593587146004e-02
6.500000000000002e-01    -2.515996398849107e-02
6.600000000000003e-01    -2.540631820823657e-02
6.700000000000003e-01    -2.565501942901480e-02
6.800000000000003e-01    -2.590608871130343e-02
6.900000000000002e-01    -2.615954727846745e-02
7.000000000000002e-01    -2.641541651747827e-02
7.100000000000002e-01    -2.667371797962333e-02
7.200000000000002e-01    -2.693447338120606e-02
7.300000000000002e-01    -2.719770460423554e-02
7.400000000000002e-01    -2.746343369710596e-02
7.500000000000002e-01    -2.773168287526496e-02
7.600000000000002e-01    -2.800247452187076e-02
7.700000000000002e-01    -2.827583118843754e-02
7.800000000000002e-01    -2.855177559546863e-02
7.900000000000003e-01    -2.883033063307731e-02
8.000000000000003e-01    -2.911151936159448e-02
8.100000000000003e-01    -2.939536501216274e-02
8.200000000000002e-01    -2.968189098731696e-02
8.300000000000002e-01    -2.997112086155010e-02
8.400000000000002e-01    -3.026307838186425e-02
8.500000000000002e-01    -3.055778746830661e-02
8.600000000000002e-01    -3.085527221448919e-02
8.700000000000002e-01    -3.115555688809264e-02
8.800000000000002e-01    -3.145866593135302e-02
8.900000000000002e-01    -3.176462396153114e-02
9.000000000000002e-01    -3.207345577136406e-02
9.100000000000003e-01    -3.238518632949847e-02
9.200000000000003e-01    -3.269984078090441e-02
9.300000000000003e-01    -3.301744444727034e-02
9.400000000000003e-01    -3.333802282737708e-02
9.500000000000002e-01    -3.366160159745182e-02
9.600000000000002e-01    -3.398820661150074e-02
9.700000000000002e-01    -3.431786390161929e-02
9.800000000000002e-01    -3.465059967828022e-02
9.900000000000002e-01    -3.498644033059880e-02
1.000000000000000e+00    -3.532541242657364e-02
1.010000000000000e+00    -3.566754271330363e-02
1.020000000000000e+00    -3.601285811717909e-02
1.030000000000000e+00    -3.636138574404803e-02
1.040000000000000e+00    -3.671315287935548e-02
1.050000000000000e+00    -3.706818698825572e-02
1.060000000000000e+00    -3.742651571569656e-02
1.070000000000000e+00    -3.778816688647538e-02
1.080000000000000e+00    -3.815316850526558e-02
1.090000000000000e+00    -3.852154875661309e-02
1.100000000000000e+00    -3.889333600490209e-02
1.110000000000000e+00    -3.926855879428911e-02
1.120000000000000e+00    -3.964724584860489e-02
1.130000000000000e+00    -4.002942607122303e-02
1.140000000000000e+00    -4.041512854489467e-02
1.150000000000000e+00    -4.080438253154847e-02
1.160000000000000e+00    -4.119721747205482e-02
1.170000000000000e+00    -4.159366298595394e-02
1.180000000000000e+00    -4.199374887114630e-02
1.190000000000000e+00    -4.239750510354513e-02
1.200000000000000e+00    -4.280496183668971e-02
1.210000000000000e+00    -4.321614940131870e-02
1.220000000000000e+00    -4.363109830490280e-02
1.230000000000000e+00    -4.404983923113530e-02
1.240000000000000e+00    -4.447240303938009e-02
1.250000000000000e+00    -4.489882076407591e-02
1.260000000000000e+00    -4.532912361409587e-02
1.270000000000000e+00    -4.576334297206148e-02
1.280000000000000e+00    -4.620151039360972e-02
1.290000000000000e+00    -4.664365760661295e-02
1.300000000000000e+00    -4.708981651034960e-02
1.310000000000000e+00    -4.754001917462528e-02
1.320000000000000e+00    -4.799429783884341e-02
1.330000000000000e+00    -4.845268491102363e-02
1.340000000000000e+00    -4.891521296676755e-02
1.350000000000000e+00    -4.938191474817004e-02
1.360000000000000e+00    -4.985282316267587e-02
1.370000000000000e+00    -5.032797128187980e-02
1.380000000000000e+00    -5.080739234026935e-02
1.390000000000000e+00    -5.129111973390880e-02
1.400000000000000e+00    -5.177918701906369e-02
1.410000000000000e+00    -5.227162791076413e-02
1.420000000000000e+00    -5.276847628130635e-02
1.430000000000000e+00    -5.326976615869052e-02
1.440000000000000e+00    -5.377553172499404e-02
1.450000000000000e+00    -5.428580731467925e-02
1.460000000000000e+00    -5.480062741283372e-02
1.470000000000000e+00    -5.532002665334246e-02
1.480000000000000e+00    -5.584403981699031e-02
1.490000000000000e+00    -5.637270182949326e-02
1.500000000000000e+00    -5.690604775945790e-02
1.510000000000000e+00    -5.744411281626675e-02
1.520000000000000e+00    -5.798693234788896e-02
1.530000000000000e+00    -5.853454183861467e-02
1.540000000000000e+00    -5.908697690671160e-02
1.550000000000000e+00    -5.964427330200248e-02
1.560000000000000e+00    -6.020646690336213e-02
1.570000000000000e+00    -6.077359371613247e-02
1.580000000000000e+00    -6.134568986945462e-02
1.590000000000000e+00    -6.192279161351562e-02
1.600000000000000e+00    -6.250493531670931e-02
1.610000000000000e+00    -6.309215746270924e-02
1.620000000000000e+00    -6.368449464745286e-02
1.630000000000000e+00    -6.428198357603455e-02
1.640000000000000e+00    -6.488466105950665e-02
1.650000000000000e+00    -6.549256401158657e-02
1.660000000000000e+00    -6.610572944526925e-02
1.670000000000000e+00    -6.672419446934202e-02
1.680000000000000e+00    -6.734799628480184e-02
1.690000000000000e+00    -6.797717218117204e-02
1.700000000000000e+00    -6.861175953271810e-02
1.710000000000000e+00    -6.925179579455994e-02
1.720000000000000e+00    -6.989731849867983e-02
1.730000000000000e+00    -7.054836524982397e-02
1.740000000000000e+00    -7.120497372129593e-02
1.750000000000000e+00    -7.186718165064106e-02
1.760000000000000e+00    -7.253502683521924e-02
1.770000000000000e+00    -7.320854712766521e-02
1.780000000000000e+00    -7.388778043123437e-02
1.790000000000000e+00    -7.457276469503234e-02
1.800000000000000e+00    -7.526353790912720e-02
1.810000000000000e+00    -7.596013809954158e-02
1.820000000000000e+00    -7.666260332312447e-02
1.830000000000000e+00    -7.737097166229985e-02
1.840000000000000e+00    -7.808528121969092e-02
1.850000000000000e+00    -7.880557011261813e-02
1.860000000000000e+00    -7.953187646746945e-02
1.870000000000000e+00    -8.026423841394149e-02
1.880000000000000e+00    -8.100269407914894e-02
1.890000000000000e+00    -8.174728158160120e-02
1.900000000000000e+00    -8.249803902504453e-02
1.910000000000000e+00    -8.325500449216822e-02
1.920000000000000e+00    -8.401821603817237e-02
1.930000000000000e+00    -8.478771168419630e-02
1.940000000000000e+00    -8.556352941060531e-02
1.950000000000000e+00    -8.634570715013490e-02
1.960000000000000e+00    -8.713428278089003e-02
1.970000000000000e+00    -8.792929411919816e-02
1.980000000000000e+00    -8.873077891231416e-02
1.990000000000000e+00    -8.953877483097582e-02
2.000000000000000e+00    -9.035331946180761e-02
2.010000000000000e+00    -9.117445029957219e-02
2.020000000000000e+00    -9.200220473926685e-02
2.030000000000000e+00    -9.283662006806397e-02
2.040000000000000e+00    -9.367773345709372e-02
2.050000000000000e+00    -9.452558195306766e-02
2.060000000000000e+00    -9.538020246974091e-02
2.070000000000000e+00    -9.624163177921276e-02
2.080000000000000e+00    -9.710990650306231e-02
2.090000000000000e+00    -9.798506310331974e-02
2.100000000000000e+00    -9.886713787326935e-02
2.110000000000000e+00    -9.975616692808582e-02
2.120000000000000e+00    -1.006521861952991e-01
2.130000000000000e+00    -1.015552314050890e-01
2.140000000000000e+00    -1.024653380804069e-01
2.150000000000000e+00    -1.033825415269234e-01
2.160000000000000e+00    -1.043068768228008e-01
2.170000000000000e+00    -1.052383788082889e-01
2.180000000000000e+00    -1.061770820751429e-01
2.190000000000000e+00    -1.071230209558627e-01
2.200000000000000e+00    -1.080762295127512e-01
2.210000000000000e+00    -1.090367415267919e-01
2.220000000000000e+00    -1.100045904863436e-01
2.230000000000000e+00    -1.109798095756521e-01
2.240000000000000e+00    -1.119624316631765e-01
2.250000000000000e+00    -1.129524892897305e-01
2.260000000000000e+00    -1.139500146564376e-01
2.270000000000000e+00    -1.149550396124986e-01
2.280000000000000e+00    -1.159675956427704e-01
2.290000000000000e+00    -1.169877138551576e-01
2.300000000000000e+00    -1.180154249678128e-01
2.310000000000000e+00    -1.190507592961477e-01
2.320000000000000e+00    -1.200937467396533e-01
2.330000000000000e+00    -1.211444167685286e-01
2.340000000000000e+00    -1.222027984101179e-01
2.350000000000000e+00    -1.232689202351555e-01
2.360000000000000e+00    -1.243428103438184e-01
2.370000000000000e+00    -1.254244963515869e-01
2.380000000000000e+00    -1.265140053749109e-01
2.390000000000000e+00    -1.276113640166848e-01
2.400000000000000e+00    -1.287165983515293e-01
2.410000000000000e+00    -1.298297339108797e-01
2.420000000000000e+00    -1.309507956678823e-01
2.430000000000000e+00    -1.320798080220984e-01
2.440000000000000e+00    -1.332167947840169e-01
2.450000000000000e+00    -1.343617791593735e-01
2.460000000000000e+00    -1.355147837332815e-01
2.470000000000000e+00    -1.366758304541707e-01
2.480000000000000e+00    -1.378449406175373e-01
2.490000000000000e+00    -1.390221348495050e-01
2.500000000000000e+00    -1.402074330901988e-01
2.510000000000000e+00    -1.414008545769310e-01
2.520000000000000e+00    -1.426024178272045e-01
2.530000000000000e+00    -1.438121406215285e-01
2.540000000000000e+00    -1.450300399860542e-01
2.550000000000000e+00    -1.462561321750285e-01
2.560000000000000e+00    -1.474904326530681e-01
2.570000000000000e+00    -1.487329560772569e-01
2.580000000000000e+00    -1.499837162790659e-01
2.590000000000000e+00    -1.512427262461031e-01
2.600000000000000e+00    -1.525099981036871e-01
2.610000000000000e+00    -1.537855430962569e-01
2.620000000000000e+00    -1.550693715686116e-01
2.630000000000000e+00    -1.563614929469883e-01
2.640000000000000e+00    -1.576619157199777e-01
2.650000000000000e+00    -1.589706474192833e-01
2.660000000000000e+00    -1.602876946003241e-01
2.670000000000000e+00    -1.616130628226871e-01
2.680000000000000e+00    -1.629467566304308e-01
2.690000000000000e+00    -1.642887795322441e-01
2.700000000000000e+00    -1.656391339814656e-01
2.710000000000000e+00    -1.669978213559648e-01
2.720000000000000e+00    -1.683648419378915e-01
2.730000000000000e+00    -1.697401948932963e-01
2.740000000000000e+00    -1.711238782516276e-01
2.750000000000000e+00    -1.725158888851095e-01
2.760000000000000e+00    -1.739162224880051e-01
2.770000000000000e+00    -1.753248735557710e-01
2.780000000000000e+00    -1.767418353641069e-01
2.790000000000000e+00    -1.781670999479076e-01
2.800000000000000e+00    -1.796006580801215e-01
2.810000000000000e+00    -1.810424992505223e-01
2.820000000000000e+00    -1.824926116443996e-01
2.830000000000000e+00    -1.839509821211736e-01
2.840000000000000e+00    -1.854175961929438e-01
2.850000000000000e+00    -1.868924380029733e-01
2.860000000000000e+00    -1.883754903041202e-01
2.870000000000000e+00    -1.898667344372204e-01
2.880000000000000e+00    -1.913661503094302e-01
2.890000000000000e+00    -1.928737163725351e-01
2.900000000000000e+00    -1.943894096012357e-01
2.910000000000000e+00    -1.959132054714135e-01
2.920000000000000e+00    -1.974450779383897e-01
2.930000000000000e+00    -1.989849994151825e-01
2.940000000000000e+00    -2.005329407507726e-01
2.950000000000000e+00    -2.020888712083855e-01
2.960000000000000e+00    -2.036527584438004e-01
2.970000000000000e+00    -2.052245684836929e-01
2.980000000000000e+00    -2.068042657040246e-01
2.990000000000000e+00    -2.083918128084846e-01
3.000000000000000e+00    -2.099871708069991e-01
3.010000000000000e+00    -2.115902989943128e-01
3.020000000000000e+00    -2.132011549286570e-01
3.030000000000000e+00    -2.148196944105140e-01
3.040000000000000e+00    -2.164458714614881e-01
3.050000000000000e+00    -2.180796383032938e-01
3.060000000000000e+00    -2.197209453368762e-01
3.070000000000000e+00    -2.213697411216700e-01
3.080000000000000e+00    -2.230259723550119e-01
3.090000000000000e+00    -2.246895838517203e-01
3.100000000000000e+00    -2.263605185238493e-01
3.110000000000000e+00    -2.280387173606353e-01
3.120000000000000e+00    -2.297241194086444e-01
3.130000000000000e+00    -2.314166617521378e-01
3.140000000000000e+00    -2.331162794936626e-01
3.150000000000000e+00    -2.348229057348888e-01
3.160000000000000e+00    -2.365364715576990e-01
3.170000000000000e+00    -2.382569060055503e-01
3.180000000000000e+00    -2.399841360651174e-01
3.190000000000000e+00    -2.417180866482367e-01
3.200000000000000e+00    -2.434586805741598e-01
3.210000000000000e+00    -2.452058385521354e-01
3.220000000000000e+00    -2.469594791643343e-01
3.230000000000000e+00    -2.487195188491284e-01
3.240000000000000e+00    -2.504858718847436e-01
3.250000000000000e+00    -2.522584503733002e-01
3.260000000000000e+00    -2.540371642252532e-01
3.270000000000000e+00    -2.558219211442561e-01
3.280000000000000e+00    -2.576126266124532e-01
3.290000000000000e+00    -2.594091838762266e-01
3.300000000000000e+00    -2.612114939324068e-01
3.310000000000000e+00    -2.630194555149671e-01
3.320000000000000e+00    -2.648329650822160e-01
3.330000000000000e+00    -2.666519168045057e-01
3.340000000000000e+00    -2.684762025524716e-01
3.350000000000000e+00    -2.703057118858205e-01
3.360000000000000e+00    -2.721403320426848e-01
3.370000000000000e+00    -2.739799479295572e-01
3.380000000000000e+00    -2.758244421118257e-01
3.390000000000000e+00    -2.776736948049238e-01
3.400000000000000e+00    -2.795275838661145e-01
3.410000000000000e+00    -2.813859847869216e-01
3.420000000000000e+00    -2.832487706862315e-01
3.430000000000000e+00    -2.851158123040760e-01
3.440000000000000e+00    -2.869869779961179e-01
3.450000000000000e+00    -2.888621337288533e-01
3.460000000000000e+00    -2.907411430755509e-01
3.470000000000000e+00    -2.926238672129410e-01
3.480000000000000e+00    -2.945101649186752e-01
3.490000000000000e+00    -2.963998925695712e-01
3.500000000000000e+00    -2.982929041406606e-01
3.510000000000000e+00    -3.001890512050547e-01
3.520000000000000e+00    -3.020881829346489e-01
3.530000000000000e+00    -3.039901461016761e-01
3.540000000000000e+00    -3.058947850811314e-01
3.550000000000000e+00    -3.078019418540791e-01
3.560000000000000e+00    -3.097114560118627e-01
3.570000000000000e+00    -3.116231647612300e-01
3.580000000000000e+00    -3.135369029303902e-01
3.590000000000000e+00    -3.154525029760193e-01
3.600000000000000e+00    -3.173697949912261e-01
3.610000000000000e+00    -3.192886067144985e-01
3.620000000000000e+00    -3.212087635396393e-01
3.630000000000000e+00    -3.231300885267085e-01
3.640000000000000e+00    -3.250524024139868e-01
3.650000000000000e+00    -3.269755236309718e-01
3.660000000000000e+00    -3.288992683124224e-01
3.670000000000000e+00    -3.308234503134617e-01
3.680000000000000e+00    -3.327478812257536e-01
3.690000000000000e+00    -3.346723703947646e-01
3.700000000000000e+00    -3.365967249381194e-01
3.710000000000000e+00    -3.385207497650679e-01
3.720000000000000e+00    -3.404442475970671e-01
3.730000000000000e+00    -3.423670189894942e-01
3.740000000000000e+00    -3.442888623544973e-01
3.750000000000000e+00    -3.462095739849943e-01
3.760000000000000e+00    -3.481289480798281e-01
3.770000000000000e+00    -3.500467767700879e-01
3.780000000000000e+00    -3.519628501466007e-01
3.790000000000000e+00    -3.538769562886063e-01
3.800000000000000e+00    -3.557888812936128e-01
3.810000000000000e+00    -3.576984093084506e-01
3.820000000000000e+00    -3.596053225615172e-01
3.830000000000000e+00    -3.615094013962278e-01
3.840000000000000e+00    -3.634104243056704e-01
3.850000000000000e+00    -3.653081679684654e-01
3.860000000000000e+00    -3.672024072858435e-01
3.870000000000000e+00    -3.690929154199273e-01
3.880000000000000e+00    -3.709794638332347e-01
3.890000000000000e+00    -3.728618223293890e-01
3.900000000000000e+00    -3.747397590950447e-01
3.910000000000000e+00    -3.766130407430253e-01
3.920000000000000e+00    -3.784814323566685e-01
3.930000000000000e+00    -3.803446975353772e-01
3.940000000000000e+00    -3.822025984413742e-01
3.950000000000000e+00    -3.840548958476515e-01
3.960000000000000e+00    -3.859013491871131e-01
3.970000000000000e+00    -3.877417166029005e-01
3.980000000000000e+00    -3.895757549998987e-01
3.990000000000000e+00    -3.914032200974062e-01
4.000000000000000e+00    -3.932238664829689e-01
4.010000000000001e+00    -3.950374476673614e-01
4.020000000000000e+00    -3.968437161407066e-01
4.030000000000000e+00    -3.986424234297208e-01
4.040000000000000e+00    -4.004333201560726e-01
4.050000000000001e+00    -4.022161560958402e-01
4.060000000000000e+00    -4.039906802400513e-01
4.070000000000000e+00    -4.057566408562938e-01
4.080000000000000e+00    -4.075137855513735e-01
4.090000000000000e+00    -4.092618613350076e-01
4.100000000000001e+00    -4.110006146845315e-01
4.110000000000000e+00    -4.127297916105978e-01
4.120000000000000e+00    -4.144491377238514e-01
4.130000000000000e+00    -4.161583983025533e-01
4.140000000000001e+00    -4.178573183611350e-01
4.150000000000000e+00    -4.195456427196544e-01
4.160000000000000e+00    -4.212231160741355e-01
4.170000000000000e+00    -4.228894830677586e-01
4.180000000000001e+00    -4.245444883628792e-01
4.190000000000000e+00    -4.261878767138465e-01
4.200000000000000e+00    -4.278193930405929e-01
4.210000000000000e+00    -4.294387825029634e-01
4.220000000000001e+00    -4.310457905757582e-01
4.230000000000000e+00    -4.326401631244516e-01
4.240000000000000e+00    -4.342216464815621e-01
4.250000000000000e+00    -4.357899875236316e-01
4.260000000000001e+00    -4.373449337487877e-01
4.270000000000000e+00    -4.388862333548498e-01
4.280000000000000e+00    -4.404136353179433e-01
4.290000000000000e+00    -4.419268894715883e-01
4.300000000000001e+00    -4.434257465862217e-01
4.310000000000000e+00    -4.449099584491153e-01
4.320000000000000e+00    -4.463792779446551e-01
4.330000000000000e+00    -4.478334591349349e-01
4.340000000000000e+00    -4.492722573406308e-01
4.350000000000001e+00    -4.506954292221109e-01
4.360000000000000e+00    -4.521027328607399e-01
4.370000000000000e+00    -4.534939278403380e-01
4.380000000000000e+00    -4.548687753287484e-01
4.390000000000001e+00    -4.562270381594706e-01
4.400000000000000e+00    -4.575684809133174e-01
4.410000000000000e+00    -4.588928700000485e-01
4.420000000000000e+00    -4.601999737399378e-01
4.430000000000001e+00    -4.614895624452261e-01
4.440000000000000e+00    -4.627614085014174e-01
4.450000000000000e+00    -4.640152864483686e-01
4.460000000000000e+00    -4.652509730611292e-01
4.470000000000001e+00    -4.664682474304805e-01
4.480000000000000e+00    -4.676668910431321e-01
4.490000000000000e+00    -4.688466878615247e-01
4.500000000000000e+00    -4.700074244031909e-01
4.510000000000001e+00    -4.711488898196314e-01
4.520000000000000e+00    -4.722708759746523e-01
4.530000000000000e+00    -4.733731775221224e-01
4.540000000000000e+00    -4.744555919830962e-01
4.550000000000001e+00    -4.755179198222603e-01
4.560000000000000e+00    -4.765599645236521e-01
4.570000000000000e+00    -4.775815326656048e-01
4.580000000000000e+00    -4.785824339948707e-01
4.590000000000001e+00    -4.795624814998762e-01
4.600000000000001e+00    -4.805214914830597e-01
4.610000000000000e+00    -4.814592836322499e-01
4.620000000000000e+00    -4.823756810910328e-01
4.630000000000000e+00    -4.832705105280656e-01
4.640000000000001e+00    -4.841436022052901e-01
4.650000000000000e+00    -4.849947900450012e-01
4.660000000000000e+00    -4.858239116957261e-01
4.670000000000000e+00    -4.866308085968700e-01
4.680000000000001e+00    -4.874153260420840e-01
4.690000000000000e+00    -4.881773132413147e-01
4.700000000000000e+00    -4.889166233814923e-01
4.710000000000000e+00    -4.896331136858147e-01
4.720000000000001e+00    -4.903266454715897e-01
4.730000000000000e+00    -4.909970842065934e-01
4.740000000000000e+00    -4.916442995639076e-01
4.750000000000000e+00    -4.922681654751970e-01
4.760000000000001e+00    -4.928685601823897e-01
4.770000000000000e+00    -4.934453662877256e-01
4.780000000000000e+00    -4.939984708021371e-01
4.790000000000000e+00    -4.945277651919286e-01
4.800000000000001e+00    -4.950331454237201e-01
4.810000000000000e+00    -4.955145120076268e-01
4.820000000000000e+00    -4.959717700386413e-01
4.830000000000000e+00    -4.964048292361893e-01
4.840000000000001e+00    -4.968136039818318e-01
4.850000000000001e+00    -4.971980133550860e-01
4.860000000000000e+00    -4.975579811673401e-01
4.870000000000000e+00    -4.978934359938362e-01
4.880000000000000e+00    -4.982043112037002e-01
4.890000000000001e+00    -4.984905449879961e-01
4.900000000000000e+00    -4.987520803857840e-01
4.910000000000000e+00    -4.989888653081642e-01
4.920000000000000e+00    -4.992008525602888e-01
4.930000000000001e+00    -4.993879998613269e-01
4.940000000000000e+00    -4.995502698623647e-01
4.950000000000000e+00    -4.996876301622328e-01
4.960000000000000e+00    -4.998000533212469e-01
4.970000000000001e+00    -4.998875168728487e-01
4.980000000000000e+00    -4.999500033331444e-01
4.990000000000000e+00    -4.999875002083304e-01
5.000000000000000e+00    -5.000000000000000e-01
5.010000000000001e+00    -4.999875002083304e-01
5.020000000000000e+00    -4.999500033331444e-01
5.030000000000000e+00    -4.998875168728487e-01
5.040000000000000e+00    -4.998000533212469e-01
5.050000000000001e+00    -4.996876301622329e-01
5.060000000000000e+00    -4.995502698623646e-01
5.070000000000000e+00    -4.993879998613269e-01
5.080000000000000e+00    -4.992008525602888e-01
5.090000000000001e+00    -4.989888653081642e-01
5.100000000000001e+00    -4.987520803857839e-01
5.110000000000000e+00    -4.984905449879961e-01
5.120000000000000e+00    -4.982043112037002e-01
5.130000000000000e+00    -4.978934359938361e-01
5.140000000000001e+00    -4.975579811673401e-01
5.150000000000000e+00    -4.971980133550860e-01
5.160000000000000e+00    -4.968136039818317e-01
5.170000000000000e+00    -4.964048292361893e-01
5.180000000000001e+00    -4.959717700386412e-01
5.190000000000000e+00    -4.955145120076268e-01
5.200000000000000e+00    -4.950331454237200e-01
5.210000000000000e+00    -4.945277651919286e-01
5.220000000000001e+00    -4.939984708021371e-01
5.230000000000000e+00    -4.934453662877255e-01
5.240000000000000e+00    -4.928685601823896e-01
5.250000000000000e+00    -4.922681654751970e-01
5.260000000000001e+00    -4.916442995639075e-01
5.270000000000000e+00    -4.909970842065934e-01
5.280000000000000e+00    -4.903266454715896e-01
5.290000000000000e+00    -4.896331136858147e-01
5.300000000000001e+00    -4.889166233814923e-01
5.310000000000000e+00    -4.881773132413147e-01
5.320000000000000e+00    -4.874153260420840e-01
5.330000000000000e+00    -4.866308085968701e-01
5.340000000000001e+00    -4.858239116957260e-01
5.350000000000001e+00    -4.849947900450011e-01
5.360000000000000e+00    -4.841436022052900e-01
5.370000000000000e+00    -4.832705105280656e-01
5.380000000000000e+00    -4.823756810910328e-01
5.390000000000001e+00    -4.814592836322498e-01
5.400000000000000e+00    -4.805214914830596e-01
5.410000000000000e+00    -4.795624814998761e-01
5.420000000000000e+00    -4.785824339948707e-01
5.430000000000001e+00    -4.775815326656047e-01
5.440000000000000e+00    -4.765599645236520e-01
5.450000000000000e+00    -4.755179198222602e-01
5.460000000000000e+00    -4.744555919830962e-01
5.470000000000001e+00    -4.733731775221223e-01
5.480000000000000e+00    -4.722708759746522e-01
5.490000000000000e+00    -4.711488898196313e-01
5.500000000000000e+00    -4.700074244031909e-01
5.510000000000001e+00    -4.688466878615246e-01
5.520000000000000e+00    -4.676668910431320e-01
5.530000000000000e+00    -4.664682474304803e-01
5.540000000000000e+00    -4.652509730611292e-01
5.550000000000001e+00    -4.640152864483685e-01
5.560000000000000e+00    -4.627614085014173e-01
5.570000000000000e+00    -4.614895624452260e-01
5.580000000000000e+00    -4.601999737399378e-01
5.590000000000001e+00    -4.588928700000484e-01
5.600000000000001e+00    -4.575684809133173e-01
5.610000000000000e+00    -4.562270381594704e-01
5.620000000000000e+00    -4.548687753287484e-01
5.630000000000000e+00    -4.534939278403381e-01
5.640000000000001e+00    -4.521027328607398e-01
5.650000000000000e+00    -4.506954292221109e-01
5.660000000000000e+00    -4.492722573406309e-01
5.670000000000000e+00    -4.478334591349349e-01
5.680000000000001e+00    -4.463792779446549e-01
5.690000000000000e+00    -4.449099584491152e-01
5.700000000000000e+00    -4.434257465862215e-01
5.710000000000000e+00    -4.419268894715883e-01
5.720000000000001e+00    -4.404136353179431e-01
5.730000000000000e+00    -4.388862333548497e-01
5.740000000000000e+00    -4.373449337487876e-01
5.750000000000000e+00    -4.357899875236317e-01
5.760000000000001e+00    -4.342216464815619e-01
5.770000000000000e+00    -4.326401631244516e-01
5.780000000000000e+00    -4.310457905757580e-01
5.790000000000000e+00    -4.294387825029634e-01
5.800000000000001e+00    -4.278193930405927e-01
5.810000000000000e+00    -4.261878767138464e-01
5.820000000000000e+00    -4.245444883628791e-01
5.830000000000000e+00    -4.228894830677586e-01
5.840000000000001e+00    -4.212231160741354e-01
5.850000000000001e+00    -4.195456427196543e-01
5.860000000000000e+00    -4.178573183611348e-01
5.870000000000000e+00    -4.161583983025532e-01
5.880000000000000e+00    -4.144491377238514e-01
5.890000000000001e+00    -4.127297916105976e-01
5.900000000000000e+00    -4.110006146845314e-01
5.910000000000000e+00    -4.092618613350076e-01
5.920000000000000e+00    -4.075137855513735e-01
5.930000000000001e+00    -4.057566408562936e-01
5.940000000000000e+00    -4.039906802400511e-01
5.950000000000000e+00    -4.022161560958400e-01
5.960000000000000e+00    -4.004333201560725e-01
5.970000000000001e+00    -3.986424234297206e-01
5.980000000000000e+00    -3.968437161407063e-01
5.990000000000000e+00    -3.950374476673612e-01
6.000000000000000e+00    -3.932238664829689e-01
6.010000000000001e+00    -3.914032200974061e-01
6.020000000000000e+00    -3.895757549998985e-01
6.030000000000000e+00    -3.877417166029004e-01
6.040000000000000e+00    -3.859013491871130e-01
6.050000000000001e+00    -3.840548958476513e-01
6.060000000000000e+00    -3.822025984413741e-01
6.070000000000000e+00    -3.803446975353771e-01
6.080000000000000e+00    -3.784814323566684e-01
6.090000000000001e+00    -3.766130407430252e-01
6.100000000000001e+00    -3.747397590950445e-01
6.110000000000000e+00    -3.728618223293889e-01
6.120000000000000e+00    -3.709794638332347e-01
6.130000000000000e+00    -3.690929154199274e-01
6.140000000000001e+00    -3.672024072858433e-01
6.150000000000000e+00    -3.653081679684654e-01
6.160000000000000e+00    -3.634104243056703e-01
6.170000000000000e+00    -3.615094013962278e-01
6.180000000000001e+00    -3.596053225615170e-01
6.190000000000000e+00    -3.576984093084504e-01
6.200000000000000e+00    -3.557888812936127e-01
6.210000000000000e+00    -3.538769562886062e-01
6.220000000000001e+00    -3.519628501466005e-01
6.230000000000000e+00    -3.500467767700877e-01
6.240000000000000e+00    -3.481289480798280e-01
6.250000000000000e+00    -3.462095739849942e-01
6.260000000000001e+00    -3.442888623544971e-01
6.270000000000000e+00    -3.423670189894941e-01
6.280000000000000e+00    -3.404442475970670e-01
6.290000000000000e+00    -3.385207497650679e-01
6.300000000000001e+00    -3.365967249381192e-01
6.310000000000000e+00    -3.346723703947644e-01
6.320000000000000e+00    -3.327478812257536e-01
6.330000000000000e+00    -3.308234503134616e-01
6.340000000000001e+00    -3.288992683124222e-01
6.350000000000001e+00    -3.269755236309717e-01
6.360000000000000e+00    -3.250524024139866e-01
6.370000000000000e+00    -3.231300885267083e-01
6.380000000000001e+00    -3.212087635396391e-01
6.390000000000001e+00    -3.192886067144983e-01
6.400000000000000e+00    -3.173697949912260e-01
6.410000000000000e+00    -3.154525029760193e-01
6.420000000000000e+00    -3.135369029303902e-01
6.430000000000001e+00    -3.116231647612298e-01
6.440000000000000e+00    -3.097114560118625e-01
6.450000000000000e+00    -3.078019418540789e-01
6.460000000000000e+00    -3.058947850811313e-01
6.470000000000001e+00    -3.039901461016759e-01
6.480000000000000e+00    -3.020881829346487e-01
6.490000000000000e+00    -3.001890512050546e-01
6.500000000000000e+00    -2.982929041406605e-01
6.510000000000001e+00    -2.963998925695710e-01
6.520000000000000e+00    -2.945101649186750e-01
6.530000000000000e+00    -2.926238672129409e-01
6.540000000000000e+00    -2.907411430755509e-01
6.550000000000001e+00    -2.888621337288531e-01
6.560000000000000e+00    -2.869869779961177e-01
6.570000000000000e+00    -2.851158123040759e-01
6.580000000000000e+00    -2.832487706862314e-01
6.590000000000001e+00    -2.813859847869215e-01
6.600000000000001e+00    -2.795275838661144e-01
6.610000000000000e+00    -2.776736948049238e-01
6.620000000000000e+00    -2.758244421118257e-01
6.630000000000001e+00    -2.739799479295569e-01
6.640000000000001e+00    -2.721403320426846e-01
6.650000000000000e+00    -2.703057118858204e-01
6.660000000000000e+00    -2.684762025524716e-01
6.670000000000000e+00    -2.666519168045057e-01
6.680000000000001e+00    -2.648329650822159e-01
6.690000000000000e+00    -2.630194555149669e-01
6.700000000000000e+00    -2.612114939324068e-01
6.710000000000000e+00    -2.594091838762265e-01
6.720000000000001e+00    -2.576126266124530e-01
6.730000000000000e+00    -2.558219211442559e-01
6.740000000000000e+00    -2.540371642252532e-01
6.750000000000000e+00    -2.522584503733001e-01
6.760000000000001e+00    -2.504858718847435e-01
6.770000000000000e+00    -2.487195188491282e-01
6.780000000000000e+00    -2.469594791643343e-01
6.790000000000000e+00    -2.452058385521353e-01
6.800000000000001e+00    -2.434586805741596e-01
6.810000000000000e+00    -2.417180866482365e-01
6.820000000000000e+00    -2.399841360651173e-01
6.830000000000000e+00    -2.382569060055502e-01
6.840000000000001e+00    -2.365364715576989e-01
6.850000000000001e+00    -2.348229057348886e-01
6.860000000000000e+00    -2.331162794936625e-01
6.870000000000000e+00    -2.314166617521377e-01
6.880000000000001e+00    -2.297241194086443e-01
6.890000000000001e+00    -2.280387173606351e-01
6.900000000000000e+00    -2.263605185238492e-01
6.910000000000000e+00    -2.246895838517202e-01
6.920000000000000e+00    -2.230259723550119e-01
6.930000000000001e+00    -2.213697411216699e-01
6.940000000000000e+00    -2.197209453368762e-01
6.950000000000000e+00    -2.180796383032938e-01
6.960000000000000e+00    -2.164458714614880e-01
6.970000000000001e+00    -2.148196944105139e-01
6.980000000000000e+00    -2.132011549286568e-01
6.990000000000000e+00    -2.115902989943127e-01
7.000000000000000e+00    -2.099871708069991e-01
7.010000000000001e+00    -2.083918128084845e-01
7.020000000000000e+00    -2.068042657040244e-01
7.030000000000000e+00    -2.052245684836928e-01
7.040000000000000e+00    -2.036527584438003e-01
7.050000000000001e+00    -2.020888712083853e-01
7.060000000000000e+00    -2.005329407507725e-01
7.070000000000000e+00    -1.989849994151824e-01
7.080000000000000e+00    -1.974450779383896e-01
7.090000000000001e+00    -1.959132054714134e-01
7.100000000000001e+00    -1.943894096012356e-01
7.110000000000000e+00    -1.928737163725351e-01
7.120000000000000e+00    -1.913661503094302e-01
7.130000000000001e+00    -1.898667344372202e-01
7.140000000000001e+00    -1.883754903041201e-01
7.150000000000000e+00    -1.868924380029732e-01
7.160000000000000e+00    -1.854175961929437e-01
7.170000000000000e+00    -1.839509821211736e-01
7.180000000000001e+00    -1.824926116443994e-01
7.190000000000000e+00    -1.810424992505222e-01
7.200000000000000e+00    -1.796006580801215e-01
7.210000000000000e+00    -1.781670999479076e-01
7.220000000000001e+00    -1.767418353641068e-01
7.230000000000000e+00    -1.753248735557708e-01
7.240000000000000e+00    -1.739162224880051e-01
7.250000000000000e+00    -1.725158888851094e-01
7.260000000000001e+00    -1.711238782516275e-01
7.270000000000000e+00    -1.697401948932962e-01
7.280000000000000e+00    -1.683648419378915e-01
7.290000000000000e+00    -1.669978213559648e-01
7.300000000000001e+00    -1.656391339814655e-01
7.310000000000000e+00    -1.642887795322440e-01
7.320000000000000e+00    -1.629467566304307e-01
7.330000000000000e+00    -1.616130628226871e-01
7.340000000000001e+00    -1.602876946003240e-01
7.350000000000001e+00    -1.589706474192832e-01
7.360000000000000e+00    -1.576619157199776e-01
7.370000000000000e+00    -1.563614929469883e-01
7.380000000000001e+00    -1.550693715686116e-01
7.390000000000001e+00    -1.537855430962567e-01
7.400000000000000e+00    -1.525099981036870e-01
7.410000000000000e+00    -1.512427262461030e-01
7.420000000000000e+00    -1.499837162790659e-01
7.430000000000001e+00    -1.487329560772567e-01
7.440000000000000e+00    -1.474904326530681e-01
7.450000000000000e+00    -1.462561321750284e-01
7.460000000000000e+00    -1.450300399860542e-01
7.470000000000001e+00    -1.438121406215284e-01
7.480000000000000e+00    -1.426024178272044e-01
7.490000000000000e+00    -1.414008545769309e-01
7.500000000000000e+00    -1.402074330901987e-01
7.510000000000001e+00    -1.390221348495049e-01
7.520000000000000e+00    -1.378449406175372e-01
7.530000000000000e+00    -1.366758304541706e-01
7.540000000000000e+00    -1.355147837332814e-01
7.550000000000001e+00    -1.343617791593734e-01
7.560000000000000e+00    -1.332167947840168e-01
7.570000000000000e+00    -1.320798080220984e-01
7.580000000000000e+00    -1.309507956678822e-01
7.590000000000001e+00    -1.298297339108796e-01
7.600000000000001e+00    -1.287165983515292e-01
7.610000000000000e+00    -1.276113640166848e-01
7.620000000000000e+00    -1.265140053749108e-01
7.630000000000001e+00    -1.254244963515868e-01
7.640000000000001e+00    -1.243428103438183e-01
7.650000000000000e+00    -1.232689202351554e-01
7.660000000000000e+00    -1.222027984101179e-01
7.670000000000000e+00    -1.211444167685286e-01
7.680000000000001e+00    -1.200937467396532e-01
7.690000000000000e+00    -1.190507592961477e-01
7.700000000000000e+00    -1.180154249678127e-01
7.710000000000000e+00    -1.169877138551577e-01
7.720000000000001e+00    -1.159675956427703e-01
7.730000000000000e+00    -1.149550396124985e-01
7.740000000000000e+00    -1.139500146564375e-01
7.750000000000000e+00    -1.129524892897304e-01
7.760000000000001e+00    -1.119624316631764e-01
7.770000000000000e+00    -1.109798095756521e-01
7.780000000000000e+00    -1.100045904863435e-01
7.790000000000000e+00    -1.090367415267918e-01
7.800000000000001e+00    -1.080762295127511e-01
7.810000000000000e+00    -1.071230209558627e-01
7.820000000000000e+00    -1.061770820751428e-01
7.830000000000000e+00    -1.052383788082889e-01
7.840000000000001e+00    -1.043068768228008e-01
7.850000000000001e+00    -1.033825415269234e-01
7.860000000000000e+00    -1.024653380804068e-01
7.870000000000000e+00    -1.015552314050890e-01
7.880000000000001e+00    -1.006521861952990e-01
7.890000000000001e+00    -9.975616692808574e-02
7.900000000000000e+00    -9.886713787326930e-02
7.910000000000000e+00    -9.798506310331970e-02
7.920000000000000e+00    -9.710990650306231e-02
7.930000000000001e+00    -9.624163177921269e-02
7.940000000000000e+00    -9.538020246974088e-02
7.950000000000000e+00    -9.452558195306762e-02
7.960000000000000e+00    -9.367773345709372e-02
7.970000000000001e+00    -9.283662006806390e-02
7.980000000000000e+00    -9.200220473926678e-02
7.990000000000000e+00    -9.117445029957216e-02
8.000000000000000e+00    -9.035331946180758e-02
8.010000000000000e+00    -8.953877483097583e-02
8.020000000000000e+00    -8.873077891231418e-02
8.030000000000001e+00    -8.792929411919806e-02
8.040000000000001e+00    -8.713428278088997e-02
8.050000000000001e+00    -8.634570715013484e-02
8.060000000000000e+00    -8.556352941060526e-02
8.070000000000000e+00    -8.478771168419627e-02
8.080000000000000e+00    -8.401821603817237e-02
8.090000000000000e+00    -8.325500449216820e-02
8.100000000000000e+00    -8.249803902504453e-02
8.110000000000001e+00    -8.174728158160108e-02
8.120000000000001e+00    -8.100269407914884e-02
8.130000000000001e+00    -8.026423841394144e-02
8.140000000000001e+00    -7.953187646746938e-02
8.150000000000000e+00    -7.880557011261805e-02
8.160000000000000e+00    -7.808528121969090e-02
8.170000000000000e+00    -7.737097166229985e-02
8.180000000000000e+00    -7.666260332312445e-02
8.190000000000000e+00    -7.596013809954158e-02
8.200000000000001e+00    -7.526353790912710e-02
8.210000000000001e+00    -7.457276469503227e-02
8.220000000000001e+00    -7.388778043123430e-02
8.230000000000000e+00    -7.320854712766516e-02
8.240000000000000e+00    -7.253502683521920e-02
8.250000000000000e+00    -7.186718165064106e-02
8.260000000000000e+00    -7.120497372129593e-02
8.270000000000000e+00    -7.054836524982398e-02
8.280000000000001e+00    -6.989731849867975e-02
8.290000000000001e+00    -6.925179579455988e-02
8.300000000000001e+00    -6.861175953271806e-02
8.310000000000000e+00    -6.797717218117197e-02
8.320000000000000e+00    -6.734799628480181e-02
8.330000000000000e+00    -6.672419446934202e-02
8.340000000000000e+00    -6.610572944526925e-02
8.350000000000000e+00    -6.549256401158657e-02
8.360000000000001e+00    -6.488466105950655e-02
8.370000000000001e+00    -6.428198357603447e-02
8.380000000000001e+00    -6.368449464745282e-02
8.390000000000001e+00    -6.309215746270920e-02
8.400000000000000e+00    -6.250493531670927e-02
8.410000000000000e+00    -6.192279161351559e-02
8.420000000000000e+00    -6.134568986945463e-02
8.430000000000000e+00    -6.077359371613247e-02
8.440000000000000e+00    -6.020646690336213e-02
8.450000000000001e+00    -5.964427330200241e-02
8.460000000000001e+00    -5.908697690671155e-02
8.470000000000001e+00    -5.853454183861463e-02
8.480000000000000e+00    -5.798693234788891e-02
8.490000000000000e+00    -5.744411281626672e-02
8.500000000000000e+00    -5.690604775945791e-02
8.510000000000000e+00    -5.637270182949325e-02
8.520000000000000e+00    -5.584403981699031e-02
8.530000000000001e+00    -5.532002665334240e-02
8.540000000000001e+00    -5.480062741283367e-02
8.550000000000001e+00    -5.428580731467920e-02
8.560000000000000e+00    -5.377553172499400e-02
8.570000000000000e+00    -5.326976615869049e-02
8.580000000000000e+00    -5.276847628130635e-02
8.590000000000000e+00    -5.227162791076412e-02
8.600000000000000e+00    -5.177918701906369e-02
8.610000000000001e+00    -5.129111973390871e-02
8.620000000000001e+00    -5.080739234026929e-02
8.630000000000001e+00    -5.032797128187975e-02
8.640000000000001e+00    -4.985282316267583e-02
8.650000000000000e+00    -4.938191474817000e-02
8.660000000000000e+00    -4.891521296676753e-02
8.670000000000000e+00    -4.845268491102363e-02
8.680000000000000e+00    -4.799429783884340e-02
8.690000000000000e+00    -4.754001917462528e-02
8.700000000000001e+00    -4.708981651034953e-02
8.710000000000001e+00    -4.664365760661290e-02
8.720000000000001e+00    -4.620151039360968e-02
8.730000000000000e+00    -4.576334297206144e-02
8.740000000000000e+00    -4.532912361409585e-02
8.750000000000000e+00    -4.489882076407591e-02
8.760000000000000e+00    -4.447240303938009e-02
8.770000000000000e+00    -4.404983923113530e-02
8.780000000000001e+00    -4.363109830490276e-02
8.790000000000001e+00    -4.321614940131867e-02
8.800000000000001e+00    -4.280496183668967e-02
8.810000000000000e+00    -4.239750510354509e-02
8.820000000000000e+00    -4.199374887114628e-02
8.830000000000000e+00    -4.159366298595394e-02
8.840000000000000e+00    -4.119721747205482e-02
8.850000000000000e+00    -4.080438253154847e-02
8.860000000000001e+00    -4.041512854489463e-02
8.870000000000001e+00    -4.002942607122298e-02
8.880000000000001e+00    -3.964724584860485e-02
8.890000000000001e+00    -3.926855879428908e-02
8.900000000000000e+00    -3.889333600490205e-02
8.910000000000000e+00    -3.852154875661308e-02
8.920000000000000e+00    -3.815316850526557e-02
8.930000000000000e+00    -3.778816688647538e-02
8.940000000000001e+00    -3.742651571569650e-02
8.950000000000001e+00    -3.706818698825567e-02
8.960000000000001e+00    -3.671315287935545e-02
8.970000000000001e+00    -3.636138574404799e-02
8.980000000000000e+00    -3.601285811717907e-02
8.990000000000000e+00    -3.566754271330361e-02
9.000000000000000e+00    -3.532541242657364e-02
9.010000000000000e+00    -3.498644033059880e-02
9.020000000000000e+00    -3.465059967828022e-02
9.030000000000001e+00    -3.431786390161923e-02
9.040000000000001e+00    -3.398820661150070e-02
9.050000000000001e+00    -3.366160159745180e-02
9.060000000000000e+00    -3.333802282737705e-02
9.070000000000000e+00    -3.301744444727031e-02
9.080000000000000e+00    -3.269984078090441e-02
9.090000000000000e+00    -3.238518632949847e-02
9.100000000000000e+00    -3.207345577136406e-02
9.110000000000001e+00    -3.176462396153108e-02
9.120000000000001e+00    -3.145866593135300e-02
9.130000000000001e+00    -3.115555688809261e-02
9.140000000000001e+00    -3.085527221448916e-02
9.150000000000000e+00    -3.055778746830658e-02
9.160000000000000e+00    -3.026307838186426e-02
9.170000000000000e+00    -2.997112086155010e-02
9.180000000000000e+00    -2.968189098731696e-02
9.190000000000001e+00    -2.939536501216269e-02
9.200000000000001e+00    -2.911151936159443e-02
9.210000000000001e+00    -2.883033063307729e-02
9.220000000000001e+00    -2.855177559546860e-02
9.230000000000000e+00    -2.827583118843752e-02
9.240000000000000e+00    -2.800247452187076e-02
9.250000000000000e+00    -2.773168287526496e-02
9.260000000000000e+00    -2.746343369710595e-02
9.270000000000000e+00    -2.719770460423554e-02
9.280000000000001e+00    -2.693447338120602e-02
9.290000000000001e+00    -2.667371797962331e-02
9.300000000000001e+00    -2.641541651747825e-02
9.310000000000000e+00    -2.615954727846742e-02
9.320000000000000e+00    -2.590608871130341e-02
9.330000000000000e+00    -2.565501942901480e-02
9.340000000000000e+00    -2.540631820823657e-02
9.350000000000000e+00    -2.515996398849107e-02
9.360000000000001e+00    -2.491593587146000e-02
9.370000000000001e+00    -2.467421312024791e-02
9.380000000000001e+00    -2.443477515863707e-02
9.390000000000001e+00    -2.419760157033480e-02
9.400000000000000e+00    -2.396267209821281e-02
9.410000000000000e+00    -2.372996664353967e-02
9.420000000000000e+00    -2.349946526520593e-02
9.430000000000000e+00    -2.327114817894286e-02
9.440000000000001e+00    -2.304499575653472e-02
9.450000000000001e+00    -2.282098852502517e-02
9.460000000000001e+00    -2.259910716591756e-02
9.470000000000001e+00    -2.237933251437026e-02
9.480000000000000e+00    -2.216164555838650e-02
9.490000000000000e+00    -2.194602743799930e-02
9.500000000000000e+00    -2.173245944445203e-02
9.510000000000000e+00    -2.152092301937443e-02
9.520000000000000e+00    -2.131139975395435e-02
9.530000000000001e+00    -2.110387138810604e-02
9.540000000000001e+00    -2.089831980963472e-02
9.550000000000001e+00    -2.069472705339727e-02
9.560000000000000e+00    -2.049307530046060e-02
9.570000000000000e+00    -2.029334687725650e-02
9.580000000000000e+00    -2.009552425473420e-02
9.590000000000000e+00    -1.989959004751013e-02
9.600000000000000e+00    -1.970552701301563e-02
9.610000000000001e+00    -1.951331805064266e-02
9.620000000000001e+00    -1.932294620088764e-02
9.630000000000001e+00    -1.913439464449332e-02
9.640000000000001e+00    -1.894764670158985e-02
9.650000000000000e+00    -1.876268583083397e-02
9.660000000000000e+00    -1.857949562854752e-02
9.670000000000000e+00    -1.839805982785485e-02
9.680000000000000e+00    -1.821836229781964e-02
9.690000000000001e+00    -1.804038704258102e-02
9.700000000000001e+00    -1.786411820048954e-02
9.710000000000001e+00    -1.768954004324259e-02
9.720000000000001e+00    -1.751663697502004e-02
9.730000000000000e+00    -1.734539353161989e-02
9.740000000000000e+00    -1.717579437959403e-02
9.750000000000000e+00    -1.700782431538461e-02
9.760000000000000e+00    -1.684146826446070e-02
9.770000000000000e+00    -1.667671128045579e-02
9.780000000000001e+00    -1.651353854430595e-02
9.790000000000001e+00    -1.635193536338915e-02
9.800000000000001e+00    -1.619188717066525e-02
9.810000000000000e+00    -1.603337952381754e-02
9.820000000000000e+00    -1.587639810439535e-02
9.830000000000000e+00    -1.572092871695819e-02
9.840000000000000e+00    -1.556695728822138e-02
9.850000000000000e+00    -1.541446986620328e-02
9.860000000000001e+00    -1.526345261937429e-02
9.870000000000001e+00    -1.511389183580777e-02
9.880000000000001e+00    -1.496577392233278e-02
9.890000000000001e+00    -1.481908540368889e-02
9.900000000000000e+00    -1.467381292168325e-02
9.910000000000000e+00    -1.452994323434973e-02
9.920000000000000e+00    -1.438746321511052e-02
9.930000000000000e+00    -1.424635985194003e-02
9.940000000000001e+00    -1.410662024653127e-02
9.950000000000001e+00    -1.396823161346499e-02
9.960000000000001e+00    -1.383118127938118e-02
9.970000000000001e+00    -1.369545668215350e-02
9.980000000000000e+00    -1.356104537006645e-02
9.990000000000000e+00    -1.342793500099541e-02
1.000000000000000e+01    -1.329611334158956e-02
